X1	X10	X100	X101	X102	X103	X104	X105	X106	X107	X108	X109	X11	X110	X111	X112	X113	X114	X115	X116	X117	X118	X119	X12	X120	X121	X122	X123	X124	X125	X126	X127	X128	X129	X13	X130	X131	X132	X133	X134	X135	X136	X137	X138	X139	X14	X140	X15	X16	X17	X18	X19	X2	X20	X21	X22	X23	X24	X25	X26	X27	X28	X29	X3	X30	X31	X32	X33	X34	X35	X36	X37	X38	X39	X4	X40	X41	X42	X43	X44	X45	X46	X47	X48	X49	X5	X50	X51	X52	X53	X54	X55	X56	X57	X58	X59	X6	X60	X61	X62	X63	X64	X65	X66	X67	X68	X69	X7	X70	X71	X72	X73	X74	X75	X76	X77	X78	X79	X8	X80	X81	X82	X83	X84	X85	X86	X87	X88	X89	X9	X90	X91	X92	X93	X94	X95	X96	X97	X98	X99	taxa
0	0	0	0	0	0	0	0	0	0	0	0	0	0	0	0	0	0	0	0	0	0	0	0	0	0	0	0	0	0	0	0	0	0	0	0	0	0	0	0	0	0	0	0	NA	0	NA	0	0	0	1.28	0	0	0	0	0	0	0	0	0	0	0	0	0	0	0	0	2.07650273224044	0	0	0	1.08459869848156	0	0	0	0	0	0	0	0	0	0	0	0	0	0	0	0	0	0	0	0	0	0	0	0	0	0	0	0	0	0	0	0	0	0	0	0	0	0	0	0	0	0	0	0	0	0	0	0	0	0	0	0	0	0	0	0	0	0	0	0	0	0	0	0	0	0	3.68200836820084	0.943396226415094	s:Carteria_cerasiformis
0	0	0	0	0	0	0	0	0	0	0	0	0	0	0	0	0	0	0	0	0	0	0	0	0	0	0	0	0	0	0	0	0	0	0	0	0	0	0	0	0	0	0	0	NA	0	NA	0	0	0	0	0	0	0	0	0	0	0	0	0	0	0	0	0	0	0	0	0.546448087431694	1.13636363636364	0	0	0	0	0	0	0	0	0	0	0	0	0	0	0	0	0	0	0	0	0	0	0	0	0	0	0	0	0	0	0	0	0.31104199066874	0	0.753768844221105	0	0	0	0	0	0	0	0	0	0	0	0	0	0	0	0	0	0	0	0	0	0	0	0	0	0	0	0	0	0	0	0	0	0	0	0	s:Carteria_radiosa
1.26760563380282	0	0	0	0	0	0	0	0	0	0	0	0	0	0	0	0	0	0	0	0	0	0	0	0	0	0	0	0	0	0	0	0	0	0	0	0	0	0	0	0	0	0	0	NA	0	NA	0	0.992063492063492	0	0	0	1.41463414634146	0	0	0.899165061014772	0	0	0	0.733496332518337	0	0	0	1.39762403913347	0	0	1.01010101010101	0	5.96590909090909	0	0	0.867678958785249	2.99684542586751	0	1.37844611528822	0	0	0	1.46627565982405	1.34932533733133	0	1.18764845605701	0	0	0	0.926640926640927	0	0	0	0	0	0	0	0	0	0	0	0	0	0	0	0	0	0	0	0	0.606060606060606	0	3.5538005923001	0	0	0	0	0	0	2.99625468164794	0	0	0.615655233069481	0	0	0	0.589970501474926	0	0	0.674536256323777	0	0	0	0.276243093922652	0	0	0	0	0	0	0	0	0	0	s:Carteria_sp.
1.69014084507042	2.17983651226158	0	0	0	0	36.7875647668394	0	0	11.5384615384615	0	27.9329608938547	0	0	0	0	0	0	0	0	0	0	0	20.6896551724138	0	0	0	0	0	0	0	0	0	0	0	0	0	0	0	0	0	0.424178154825027	0	0	NA	0	NA	3.16205533596838	0	3.17073170731707	0.96	0	0.829268292682927	2.3696682464455	1.15273775216138	2.05523442517662	1.62074554294976	1.66402535657686	0.30441400304414	0.488997555012225	1.94805194805195	0	2.60756192959583	0.489168413696716	0	0	0	1.31147540983607	3.97727272727273	0	11.4104595879556	6.07375271149675	5.20504731861199	2.80561122244489	0.6265664160401	8.56423173803526	16.5079365079365	7.15835140997831	14.9560117302053	13.3433283358321	1.97889182058048	2.49406175771971	0	0	0	0.540540540540541	0	0	0.294117647058824	0	0	1.53550863723608	0	0	0	0	0.45766590389016	0	0	0	0.399201596806387	1.39968895800933	0	3.76884422110553	0	0	0	0.590551181102362	0	0	0	0	0	0	0	1.40449438202247	0	0.890207715133531	3.43007915567282	0	3.09278350515464	0	2.8023598820059	0	0	0	0	0	0	2.30202578268877	0	0	0	0	0	0	0	0	0	0.550314465408805	s:Chlamydomonas_fasciata
0	0	0	0	0	0	0	0	0	0	0	0	0	0	0	0	0	0	0	0	0	0	0	0	0	0	0	0	0	0	0	0	0	0	0	0	0	0	0	0	0	0	0	0	NA	0	NA	0	0	0	0	0	0	0	0	0	0	0	0	0	0	0	0	0	0	0	1.61616161616162	0	0	0	0	0	0	0	0	0	0	0	0	0	0	0	0	0	0	0	0	0	0	0	0	0	0	0	0	0	0	0	0	0	0	0	0	0	0	0	0	0	0	0	0	0	0	0	0	0	0	0	0	0	0	0	0	0	0	0	0	0	0	0	0	0	0	0	0	0	0	0	0	0	s:Chlamydomonas_noctigama
1.54929577464789	2.45231607629428	0	0	0	0	0	0	0	0	0	0	0	0	0	0	0	0	0	0	0	0	0	0	0	0	0	0	0	0	0	0	0	0	0	0	0	0	0	0	0	0	0	0	NA	0	NA	0	0	0	0	0	0	0	0	0	0	0	0	0	0	0	0	0	0	0	0	0	0	0.3003003003003	0	0	0	0	0	1.38539042821159	0	0	4.98533724340176	0	0	0	0	0	0	0	0	0	0	0	0	0	0	0	0	0	0.07627765064836	0	0	0	0	0.15552099533437	0	0	0	0	0	0	0	0	0	0	0	0	0	0	0	0	0.439753737906772	0	0	0	0	0	0	0	0	0	0	0	0	0	0	0	0	0	0	0	0	0	s:Chlamydomonas_proteus
0	0	0	0	0	0	0	0	0	0	0	0	0	0	0	0	0	0	0	0	0	0	0	0	0	0	0	0	0	0	0	0	13.2387706855792	0	0	0	0	0	0	0	0	0	0	0	NA	0	NA	0	0	0	0	0	0.878048780487805	4.739336492891	0	0	0	0	1.67427701674277	0	2.27272727272727	0	0	0	0	0	0	0	0	3.003003003003	0	0	0	0.601202404809619	0	0.881612090680101	0	0	0	0	0.923482849604222	0	0	0	0	0.694980694980695	0	0	1.32352941176471	0.90293453724605	0	0	0	0	0	0	1.22044241037376	0	0	0	0	0	0	1.00502512562814	0	0	0	1.77165354330709	4.24481737413623	0	0	0	0	0	0	0	0	0.692383778437191	0	0	0	0	0	0	0	0.505902192242833	0	0	0	0	0	0	0	0	0	0	0	0	0	0	s:Chlamydomonas_raudensis
1.69014084507042	0	0	0	0	0	0	0	0	0	0	0	0	0	0	0	0	0	0	0	0	0	0	0	0	0	0	0	0	0	0	0	0	0	0	0	0	0	0	0	0	0	0	0	NA	0	NA	0	0	0	0	0	0.829268292682927	0	0	0	0	0	0	0	0	0	0	1.46750524109015	0	0	0	0	0	0	0	0	0	0	0	0	0	0	0	0	0	0	0	0	0	1.54440154440154	0	0	0	0	0	0	0	0	0	0	0.99160945842868	0	0	0	0	0	0	0	0	0	0	2.55905511811024	0	0	0	0	0	0	0	0	0	0	0.967458223394899	0	0	0	0	0	0	0	0	0	0	0	0	0	0	0	0	0	0	0	0	0	s:Chlamydomonas_sordida
0.140845070422535	4.08719346049046	0	2.68505079825835	0	0	0	0	0	0	0	0	0	0	0	0	2.6294498381877	0	0	0	0	0	0.168823860438942	0	0	0	0	0	0	0	0	0	0	0	0	0	0	0	0	4.04858299595142	0	0.530222693531283	0	0	NA	0	NA	0	2.77777777777778	0	2.4	0	5.02439024390244	0	0	0	17.9902755267423	1.26782884310618	0	2.20048899755501	7.46753246753247	7.14285714285714	8.60495436766623	10.9014675052411	0.778210116731518	3.66300366300366	8.28282828282828	9.50819672131147	9.65909090909091	0	12.9952456418384	8.67678958785249	3.62776025236593	0	0	4.03022670025189	1.58730158730159	6.72451193058568	6.158357771261	0	0	2.13776722090261	0	0	0	0.154440154440154	0	3.51437699680511	3.08823529411765	2.70880361173815	0.618921308576481	0	3.84615384615385	0	0	0	7.627765064836	0	0	2.46913580246914	0	0	0	0	0	0	0	4.52755905511811	3.45508390918065	0	0	0	0	2.44379276637341	0	5.2434456928839	6.55172413793103	14.540059347181	10.7299912049252	0	13.4020618556701	0	1.32743362831858	0	0	0.421585160202361	0	0	0	5.06445672191529	0	0	7.15563506261181	0	0.505588078765301	0	0	0	0	4.71698113207547	s:Chlamydomonas_sp.
0	0	0	0	0	0	0	0	0	0	0	0	0	0	0	0	0	0	0	0	0	0	0	0	0	0	0	0	0	0	0	0	0	0	0	0	0	0	0	0	0	0	0	0	NA	0	NA	0	0	0	0	0	0	0	0	0	0.810372771474878	0	0	0	0	0	0	0	0	0	0.808080808080808	0	0	0	0	0	0	0	0	2.26700251889169	0	0	0	0	3.29815303430079	0	0.685714285714286	0	0	0	1.65380374862183	0	0	0	1.59151193633952	0	0	4.8780487804878	0	0	0	0	0	0	0	0	0	0	0	0	0	0	0	0	0	0	0	0	0	0	0	0	0	0	0	0	0	0	0	0	0	0	0	0	0	0	0	0	0	0	0	0	0	0	s:Chlorococcum_sp.
0	0	0	0	0	0	0	0	0	0	0	0	0	0	0	0	0	0	0	0	0	0	0	0	0	0	0	0	0	0	0	0	0	0	0	0	0	0	0	0	0	0	0	0	NA	0	NA	0	0	0	0	0	0	0	0	0	0	0	0	0	0	0	0	0	0	1.83150183150183	0	0	0	0	0	0	0	0	0	0	0	0	0	0	0	0	0	0	0	0	0	0	0	0	0	0	0	0	0	0	0	0	0	0	0	0	0	0	0	0	0	0	0	0	0	0	0	0	0	1.77902621722846	0	0	0	0	0	0	0	0	0	0	0	0	0	0	0	0	0	0	0	0	0	0	0	0	s:Chloromonas_insignis
0	0	0	0	0	0	0	0	0	0	0	0	0	0	0	0	0	0	0	0	0	0	0	0	0	0	0	0	0	0	0	0	0	0	0	0	0	0	0	0	0	0	0	0	NA	0	NA	0	0	0	0	0	0	0	0	0	0	0	0	0	0	0	0	0	0	0	0	0	0	0	0	0	0	0	0	0	0	0	0	0	0	0	0	0	0	0	0	0	0	0	0	0	0	0	0	0	0	0	0	0.51440329218107	0	0	0	0	0	0	0	0	0	0	0	0	0	0	0	0	0	0	0	0	0	0	0	0	0	0	0	0	0	0	0	0	0	0	0	0	0	0	0	0	s:Chlorosarcinopsis_sp.
0	0	0	0	0	0	0	0	0	0	0	0	0	0	0	0	0	0	0	0	0	0	0	0	0	0	0	0	0	0	0	0	0	0	0	0	0	0	0	0	0	0	0	0	NA	0	NA	0	0	0	0	0	0	1.8957345971564	0	0	0	0	0	0	0	0	0	0	3.21011673151751	1.19047619047619	0	0	0	0	0	0	0	0	0	0	0	0	0	0	0	0	0	0	0.343938091143594	0	0	0	0	0	0	0	0	0	0	0	0	0	0	0	0	0	0	0	0	0	0	0	0	0	2.9045643153527	1.89274447949527	4.74683544303798	2.73704789833822	8.55745721271394	1.21722846441948	13.448275862069	0	0	0	0	0	0	7.77777777777778	6.87960687960688	0	15.7556270096463	3.76470588235294	0	0	0	0	0	0.374018202219175	1.49015433741352	0	0	0	0	0	s:Choricystis_sp.
0	0	0	0	0	0	0	0	0	0	0	0	0	0	0	0	0	0	0	0	0	0	0	0	0	0	0	0	0	0	0	0	0	0	0	0	0	0	0	0	0	0	0	0	NA	0	NA	0	0	0	0	0	0	0	0	0	0	0	0	0	0	0	0	0	0	0	0	0	0	0	0	0	0	0	0	0	0	0	0	0	0.923482849604222	0	0	0	0	0	0	0	0	0	0	0	0	0	0	0	0	0	0	0	0	0	0	0	0	0	0	0	0	0	0	0	0	0	0	0	0	0	0	0	0	0	0	0	0	0	0	0	0	0	0	0	0	0	0	0	0	0	0	0	s:Cladophora_glomerata
0	0	0	1.1611030478955	0	0	0	0	0	0	0	0	0	0	0	0	0	0	0	0	0	0	0	0	0	0	0	0	0	0	0	100	39.2434988179669	0	0	0	42.7230046948357	0	0	0	0	0	0	0	NA	0	NA	0	0	0	0	0	0	0	0	0	0	0	0	0	0	0	2.21642764015645	0	0.778210116731518	0	6.06060606060606	1.31147540983607	0	0	0	0	0	0	0	0	0	0	0	0	0	0	0	0	0	0	0	0	0	0	0	0	0	3.90243902439024	31.9018404907975	19.047619047619	0	4.3859649122807	0	1.95473251028807	2.79441117764471	2.33281493001555	0	4.77386934673367	0	0	0	0	0	0	0	0	0	0	0	0	0	0	0	0	0	0	0	0	0	0	0	0	0	2.11786372007366	0	0	0	0	0	0	0	0	0	4.00943396226415	s:Colemanosphaera_charkowiensis
2.25352112676056	1.90735694822888	6.68882426256751	21.3352685050798	4.39948619139371	100	3.62694300518135	52.9126213592233	0	22.6495726495727	13.7404580152672	67.0391061452514	0	70.9876543209877	90.625	18.1137724550898	0	15.9298780487805	16.2089220511192	10.4069379586391	3.32465277777778	1.11986727498963	0.689364096792347	41.3793103448276	4.99474237644585	0	0.866604766326215	0	0	6.02281772353409	23.0277185501066	0	0	0	44.6428571428571	90.9090909090909	3.75586854460094	0	12.2676579925651	0	0	0	0	0	NA	0	NA	0	7.93650793650794	4.63414634146341	10.24	12.9770992366412	0	21.8009478672986	7.20461095100865	6.03725112395633	3.24149108589951	0.950871632329636	3.19634703196347	0	0	0	1.82529335071708	1.74703004891684	1.75097276264591	2.38095238095238	1.41414141414141	5.02732240437158	8.23863636363636	0	2.53565768621236	0	0	2.80561122244489	6.51629072681704	2.39294710327456	0	1.51843817787419	0	1.34932533733133	16.754617414248	9.50118764845606	4.91428571428571	11.3445378151261	2.40756663800516	2.77992277992278	6.94597574421169	3.72736954206603	0	0	0	0	14.9321266968326	11.7073170731707	1.53374233128834	0	5.64454614797864	0	0	0	0	0	0	0	0	0	0	7.08661417322835	5.92300098716683	46.3039014373717	53.9419087136929	68.7697160883281	34.915611814346	33.4310850439883	44.4987775061125	22.0973782771536	25.8620689655172	1.18694362017804	0.879507475813544	68.9655172413793	31.0567010309278	89.453125	0	4.44444444444444	38.3292383292383	0.337268128161889	25.4019292604502	39.3725490196078	17.578125	0	33.0609212481426	25.2247028124094	53.309481216458	2.40618376761002	7.79670037253858	6.18892508143322	23.4808259587021	0	0	1.25786163522013	s:Crustomastigaceae-AB_sp.
0	0	0	0	0	0	0	0	0	0	0	0	0	0	0	0	0	0	0	0	0	0	0	0	0	0	0	0	0	0	0	0	0	0	0	0	0	0	0	0	0	0	0	0	NA	1.29449838187702	NA	3.55731225296443	9.32539682539683	4.63414634146341	4	6.87022900763359	0	0	0	0	0	0	0	0	0	3.8961038961039	0.782268578878748	1.88679245283019	0	0	0	0	0	0	0	0	0	0	0	0	0	0	0	0	0	0	0	0	0	1.08108108108108	0	0	0	1.05342362678706	0	0	4.29864253393665	0	0	0	1.5255530129672	0	0	0	0	0	1.40845070422535	0	0	0	0	0	0	22.5872689938398	0	0	0	0	0	0	0	0	0	0	0	0	1.62241887905605	8.88888888888889	0	8.60033726812816	9.64630225080386	0	7.421875	0	0	0	0	0	0	0	0	0	0	0.786163522012579	s:Desmodesmus_communis
0	0	0	0	0	0	0	0	0	0	0	0	0	0	0	0	0	0	0	0	0	0	0	0	0	0	0	0	0	0	0	0	0	0	0	0	0	0	0	0	0	0	0	0	NA	0	NA	0	0	0	0	0	0	0	0	0	0	0	0.76103500761035	1.10024449877751	0	0	0.651890482398957	0	0	0.915750915750916	0	0	0	0	0	0	0	0	0.37593984962406	0	0	0	0	0	0	0	0	0	0	0	0	0	0	0	0	0	0	0	0	0	0	0	0	0	0	0	0	0	0	0	0	0	0	0	0	0	12.2362869198312	0	0	0	0	0	0	0	0	0	0	0	0	0	0	0	0	0	0	0	0	0	0	0	0	0	0	1.17924528301887	s:Golenkinia_sp.
0	0	0	0	0	0	0	0	0	0	0	0	0	0	0	0	0	0	0	0	0	0	0	0	0	0	0	0	0	0	0	0	0	0	0	0	0	0	0	0	0	0	0	0	NA	0	NA	0	0	0	0	0	0	0	0	0	0	0	0	0	0	0	0	0	0	0	0	0	0	0	0	0	0	0	0	0	0	0	0	0	0	0	0	0	0	0	0	0	0	0	0	0	0	0	0	0	0	0	0	0	0	0	0	0	0	0	0	0	0	0	0	0	5.27426160337553	0	0	0	0	0	0.0879507475813544	0	0	0	0	0	0	0	0	0	0	0	0	0	0	0	0	0	0	0	0	0	s:Haematococcus_rubicundus
0	0	0	0	0	0	0	8.7378640776699	0	0	0	0	0	0	0	0	0	0	0	0	0	0	0	0	0	0	0	0	0	0	0	0	0	0	0	0	0	0	0	0	0	0	0	0	NA	0	NA	0	0	0	0	0	0	0	0	0	0	0	0	0	0	0	0	0	0	0	0	0	0	0	0	0	0	0	0	0	0	0	0	0	0	0	0	0	0	0	0	0	0	0	0	0	0	0	0	0	0	0	0	0	0	0	0	0	0	0	0	0	0	0	0	0	0	0	0	0	0	0	0	0	0	0	0	0	0	0	0	0	0	0	0	0	0	0	0	0	0	0	0	0	s:Heveochlorella_hainangensis
0	0	0	0	0	0	0	0	0	0	0	0	0	0	0	0	0	0	0	0	0	0	0	0	0	0	0	0	0	0	0	0	0	0	0	0	0	0	0	0	0	0	0	0	NA	0	NA	0	0	0	0	0	0	0	0	0	0	0	0	0	0	0	0	0	0	0	0	0	0	0	0	0	0	0	0	0	0	0	0	0	0	0	0	0	0	0	0	0	0	0	0	0	0	0	0	0	0	0	0	0	0	0	0	0	0	0	0	0	0	0	0	0	0	0	0	0	0	0	0	0	0	0	0	0	0	0	0	0	0	0	0	0	0	0	20.7557211282597	0	0	0	0	0	s:Myrmecia_sp.
0	0	0	0	0	0	0	0	0	0	0	0	0	0	0	0	0	0	0	0	0	0	0	0	0	0	0	0	0	0	0	0	0	0	0	0	0	0	0	0	0	0	0	0	NA	0	NA	0	0	0	0	0	0.390243902439024	0	0	0	0	0	0	0	0	0	0	0	0	0	0	0	0	0	0	0	0	0	0	0	0	0	0	0	0	0	0	0	0	0.849420849420849	0	0	0	0	0	0	0	0	0	0	0	0	0	0	0	0	0	0	0	0	0	0	0	0	0	0	5.06329113924051	0.586510263929619	0	0	5.86206896551724	0.692383778437191	0	0	0	0	0	7.77777777777778	0	0	0	0	0	0	0	0	0	0	0	0	0	0	0	0	s:Nannochloris_sp.
0	0	0	0	0	0	0	0	0	0	0	0	0	0	0	0	0	0	0	0	0	0	0	0	0	0	0	0	0	0	0	0	0	0	0	0	5.63380281690141	0	0	0	0	0	0	0	NA	0	NA	0	0	0	0	0	0	0	0	0	0	0	0	0	0	0	0	0	0	0	0	0	0	0	0	0	0	0	0	0	0	0	0	0	0	0	0	0	0	0	0	0	0	0	0	0	0	0	0	0	0	0	0	0	0	0	0	0	0	0	0	0	0	0	0	0	0	0	0	0	0	0	0	0	0	0	0	0	0	0	0	0	0	0	0	0	0	0	0	0	0	0	0	0	s:Neochloris_aquatica
0	0	0	0	0	0	0	0	0	0	0	0	0	0	0	0	0	0	0	0	0	0	0	0	0	0	0	0	0	0	0	0	0	0	0	0	0	0	0	0	0	0	0	0	NA	0	NA	0	0	0	0	0	0.292682926829268	0	0	0	0	0	0	0	0	0	0	0	0	0	0	0	0	0	0	0	0	0	0	0	0	0	0	0	0	0	0	0	0	0	0	0	0	0.752445447705041	0	0	0	0	0	0	0	0	0	0	0	0	0	0	0	0	0	0	0	0	0	0	0	0	0	0	0	0	0	0	0	0	0	0	0	0	0	0	0	0	0	0	0	0	0	0	0	0	0	0	s:Neochloris_sp.
0	0	0	0	0	0	0	0	0	0	0	0	0	0	0	10.3293413173653	0	0	0	0	0	0	0	0	0	0	0	0	0	0	0	0	0	0	0	0	0	0	7.80669144981413	12.5506072874494	0	2.96924708377519	39.8467432950192	0	NA	0	NA	0	0	0	0	0	0	0	0	0	0	0	0	1.22249388753056	0	0	0	0	1.07003891050584	0	0	0	0	0	0	0	0	0	0	0	0	0	0	0	0	0	1.37142857142857	0	0	0	0	0	0	0	0	0	0	0	0	5.29100529100529	0	0	22.6666666666667	1.23456790123457	6.58682634730539	0	4.22535211267606	3.51758793969849	5.86080586080586	4.27728613569322	3.23232323232323	0	0	0	0	0	0	0	0	0	0	0	0	0	0	0	0	0	0	0	0	0	0	0	0	0	0	0	0	0	0	0	0	1.10062893081761	s:Oocystaceae_sp.
0	0	0	0	0	0	0	0	0	0	0	0	0	0	0	0	0	0	0	0	0	0	0	0	0	0	0	0	0	0	0	0	0	0	0	0	0	0	0	0	0	0	0	0	NA	0	NA	0	0	0	0	0	0	0	0	0	0	0	0	0	0	0	0	0	0	0	0	0	0	0	0	0	0	0	0	0	0	0	0	0	0	0	0	0	0	0.540540540540541	0	0	0	0	0	0	0	0	0	0	0	0	0	0	0	0	0	0	0	0	0	0	0.987166831194472	0	0	0	0	0	0	0	0	0	0	0	0	0	0	0	0	0	0	0	0	0	0	0	0	0	0	0	0	0	0	0	s:Oocystella_oogama
0	0	0	0	0	0	0	0	0	0	0	0	0	0	0	0	0	0	0	0	0	0	0	0	0	0	0	0	0	0	0	0	0	0	0	0	0	0	0	0	0	0	0	0	NA	0	NA	0	0	0	0	0	0	0	0	0	0	0	0	0	0	0	0	0	0	0	0	0	0	0	0	0	0	0	0	0	0	0	0	0	0	0	0	0	0	0	0	0	0	0	0	0	0	0	0	0	1.29672006102212	0	0	0	0	0	0	0	0	0	0	0	0	0	0	0	0	0	0	0	0	0	0	0	0	0	0	0	0	0	0	0	0	0	0	0	0	0	0	0	0	0	0	0	s:Oocystis_sp.
0	0	0	0	0	0	0	0	0	0	0	0	0	0	0	0	0	0	0	0	0	0	0	0	0	0	0.433302383163107	0	0	0	0	0	0	0	0	0	0	16.624685138539	17.8438661710037	15.1821862348178	0	0	0	0	NA	0	NA	0	0	0	0	0	0	0	0	0	0	0	0	0	0	0	0	0	0	0	0	0	0	0	0	0	0	0	0	0	0	0	0	0	0	0	0	0	0	0	0	0	0	0	0	0	0	0	0	0	0	0	0	0	0	0	0	0	0	0	0	0	0	0	0	0	0	0	0	0	0	0	0	0	0	0	0	0	0	0	0	0	0	0	0	0	0	0	0	0	0	0	0	0	s:Ostreococcus_mediterraneus
0	0	0	0	0	0	0	0	0	0	0	0	0	0	0	0	0	0	0	0	0	0	0	0	0	0	0	0	0	0	0	0	0	0	0	0	0	0	0	0	0	0	0	0	NA	0	NA	0	0	0	0	0	0	0	0	0	0	2.29793977812995	0	0	0	0	0	1.53738644304682	0	0	0	0	0	0	0	0	0	0	0	0	0	0	0	0	0	0	0	0	0	0	1.32304299889746	0	0	0	0	0	0	0	0	0	0	0	0	6.27572016460905	0	0	0	0	0	0	0	0	0	0	0	0	0	0	0	0	0	0	0	0	0	0	0	0	0	0	0	0	0	3.77532228360958	0	45.636416352566	0	0	0	0	0	0	3.93305439330544	0	s:Pandorina_morum
0	0	0	0	0	0	0	0	0	0	0	0	2.73972602739726	0	0	0	0	0	0	0	0	0	0	0	0	0	0	0	0	0	0	0	0	0	0	0	0	0	0	0	0	0	0	0	NA	0	NA	0	0	0	0	0	1.02439024390244	0	0	0	0	0	0	0	0	0	0	0	0.194552529182879	0	0	0	0	0	0	0	0	0	0	0	0	0	0	0	0	0	0	0	0	0	0	0	0	0	0	0	0	0	0	0	0.99160945842868	0	0	0	0	0	0	0	0	0	0	0	0	0	0	0	0	0	0	0.655430711610487	0	0	1.23131046613896	0	0	0	0	0	0	0	0	0	0	0	0	0	0	0	0	0	0	0	0	0	s:Pascherina_tetras
18.3098591549296	0	0	0	0	0	0	0	0	0	0	0	0	0	0	0	0	0	0	0	0	0	0	0	0	0	0	0	0	0	0	0	0	0	0	0	0	0	0	0	0	0	0	0	NA	0	NA	0	0	0	2.08	0	5.95121951219512	0	9.07780979827089	3.46820809248555	4.70016207455429	1.34706814580032	2.89193302891933	2.32273838630807	0	0	0.91264667535854	2.16631726065688	0	0.641025641025641	0	0.983606557377049	0	0	0	0	0	0	4.76190476190476	0	2.85714285714286	0	0	3.14842578710645	0	2.49406175771971	0	0	0	6.56370656370656	0	0	0	1.42964635063958	0	0	0	9.26829268292683	7.66871165644172	0	2.97482837528604	0	0	2.98353909465021	4.19161676646707	1.08864696734059	5.35211267605634	2.26130653266332	0	7.07964601769912	10.1010101010101	3.74015748031496	7.89733464955577	0	0	0	0	0	0	2.90262172284644	0	0.840751730959446	5.36499560246262	0	0	0	0	0	0	0	0	0	0	4.05156537753223	0	2.37750072484778	0	0.261812741553422	0	0	0	0	0	0	s:Paulschulzia_pseudovolvox
0	0	0	0	0	0	0	0	0	0	0	0	0	0	0	0	0	0	0	0	0	0	0	0	0	0	0	0	0	0	0	0	0	0	0	0	0	0	0	0	0	0	0	0	NA	0	NA	0	0	0	0	0	0	0	0	0	0	0	0	0.488997555012225	0	0	0.651890482398957	0	0	0	0	0	0	2.1021021021021	0	0	0	0	0	0	0	1.08459869848156	0	1.04947526236882	0	0	0	0	0	0	0	0	0	0	0	0	0	0	0	0	0	0	0	0	0	0	0	0	0	0	0	0	0	0	0	0	0	0	0	0	0	0	0	0	0	0	0	0	0	0	0	0	0	0	0	0	0	0	0	0	0	0	0	0	s:Phacotus_lenticularis
0	0	0	0	0	0	0	0	0	0	0	0	0	0	0	0	0	0	0	0	0	0	0	0	0	0	0	0	0	0	0	0	0	0	0	0	0	0	0	0	0	0	0	0	NA	0.647249190938511	NA	0	0	0	0	0	0	0	0	0	0	0	0	0	0	0	0	0	0	0	0	0	0	0	0	0	0	0	0	0	0	0	0	0	0	0	0	0	0	0	0	0	0	0	0	0	0	0	0	0	0	0	0	0	0	0	0	0	0	0	0	0	0	0	0	0	0	0	0	0	0	0	0	0	0	0	0.589970501474926	0	0	0.421585160202361	0	0	0	0	0	0	0	0	0	0	0	0	0	0	s:Pseudodidymocystis_planctonica
0	0	0	0	0	0	0	0	0	0	0	0	0	0	0	0	0	0	0	0	0	0	0	0	0	0	0	0	0	0	0	0	0	0	0	0	0	0	0	0	0	0	0	0	NA	5.17799352750809	NA	0	4.36507936507936	0	0	0	1.60975609756098	0	0	0	0	0	0	0	0	0	0	5.3109713487072	0	0	0	1.31147540983607	0	0	0	0	0	0	8.1453634085213	0	0	0	0	1.34932533733133	0	0	0	0	0	3.86100386100386	0	0	0	0	0	0	0	0	0	0	2.2883295194508	0	0	0	0	0	0	0	0	0	0	0	0	0	0	0	0	0	0	0	0	0	0	0	0	0	2.06489675516224	0	6.87960687960688	1.43338954468803	0	0	0	0	0	0	0	0	0	0	0	2.7122641509434	0	0	s:Pseudopediastrum_boryanum
0	0	0	0	0	0	0	0	0	0	0	0	0	0	0	0	0	0	0	0	0	0	0	0	0	0	0	0	0	0	0	0	0	0	0	0	0	0	0	0	0	0	0	0	NA	0	NA	0	0	0	0	0	0	0	0	0	0	0	0	0	0	0	0	0	0	0	0	0	0	0	0	0	0	0	0	1.51133501259446	0	0	0	0	0	0	0	0	0	0	0	0	0	0	0	0	0	0	0	0	0	0	0	0	0	0	0	0	0	0	0	0	0	0	0	0	0	0	0	0	0	0	0	0	0	0	0	0	0	0	0	0	0	0	0	0	0	0	0	0	0	0	0	0	s:Pseudoschroederia_antillarum
0	0	0	0	0	0	0	0	0	0	0	0	0	0	0	0	0	0	0	0	0	0	0.260270118176702	0	0	0	0	0	0	0	0	0	0	0	0	0	0	0	0	0	0	0.63626723223754	0	0	NA	0	NA	0	0.595238095238095	0	1.12	0	0	0	0	0	0	0.554675118858954	0	0	0	0	0.130378096479791	0.279524807826695	0.875486381322957	0	5.45454545454545	5.9016393442623	5.39772727272727	14.7147147147147	1.90174326465927	1.51843817787419	2.99684542586751	4.00801603206413	0	0	0.634920634920635	1.7353579175705	0.879765395894428	0.449775112443778	0	0.950118764845606	0	0.168067226890756	0	0	0	0	0	0	0	0	0	0	0	0	1.83066361556064	0	0	8.95061728395062	2.9940119760479	6.84292379471229	6.76056338028169	2.01005025125628	0	5.01474926253687	1.41414141414141	0.196850393700787	0	0	0	0	0	3.81231671554252	0	0	0	0.494559841740851	0.351802990325418	0	0	0	0	0	0	0.168634064080944	0	0	0	0.460405156537753	0	0	0	0	0	0	0.56047197640118	0	3.68200836820084	0.0786163522012579	s:Pteromonas_angulosa
1.54929577464789	0	0	0	0	0	0	0	0	0	0	0	0	0	0	0	0	0	0	0	0	0	0	0	0	0	0	0	0	0	0	0	0	0	0	0	0	0	0	0	0	0	0	0	NA	0.970873786407767	NA	0	0	0	0	0	0	0	0	0	0	0	0	0	0	0	0	0.279524807826695	0	0	0	0	0	0	0	0	0	0	0	0	0	0	0	0	0	0	0	0	0	0.386100386100386	0	0	0	0	0	0	0	0	0	0	0	0	0	0	0	0	0	0	0	0	0	0	0	0	0	0	0	0	0	0	0	0	0.0879507475813544	0	0	0	0	0	0	0.337268128161889	0	0	0	0	0	0	0	0	0	0	0	0	0	0	s:Radiococcus_sp.
0	1.63487738419619	0	0	0	0	0	0	0	0	0	0	0	0	0	0	0	0	0	0	0	0	0	0	0	0	0	0	0	0	0	0	0	0	0	0	0	0	0	0	0	1.90880169671262	0	0	NA	4.85436893203883	NA	6.71936758893281	1.98412698412698	8.29268292682927	0	8.3969465648855	2.09756097560976	0	0	0	0	0	0	0	0.974025974025974	0	0.391134289439374	1.60726764500349	2.62645914396887	0.732600732600733	1.01010101010101	0	0	0	0	0	0	0	0	0	0	0	0	0.899550224887556	0	0.831353919239905	0	0	0	2.39382239382239	0.992282249173098	0	0	0	1.3262599469496	0	2.03619909502262	5.85365853658537	0	0	8.16170861937452	0	0	0	1.79640718562874	0.622083981337481	0.563380281690141	0	1.46520146520147	1.76991150442478	1.61616161616162	3.74015748031496	0	0	0	0	0	0.782013685239492	0	0	0	0	0	0	0	0	4.27728613569322	0	0	4.38448566610455	0	0	0	0	0	0	0	0	0	0	0	0	0	1.17924528301887	s:Scenedesmus_armatus
0	0	0	0	0	0	0	0	0	0	0	0	0	0	0	0	0	0	0	0	0	0	0	0	0	0	0	0	0	0	0	0	0	0	0	0	0	0	0	0	0	0	0	0	NA	0	NA	0	0	0	0	0	0	0	0	0	0	0	0	0	0	0	0	0	0	0	0	0	0	0	0	0	0	0	0	0	0	0	0	0	0	0	0	0	0	0	0	0	0	0	0	0	0	0	0	0	0	0	0	0	0	0	0	0	0	0	0	0	0	0	0	0	0	0	0	0	0	0	0	0	0	0	0	0	0	0	0	0	0	0	0	0	0	0	0	0	0	0	0	0.235849056603774	s:Scotinosphaera_gibberosa
1.83098591549296	0	52.2226838388035	24.2380261248186	0	0	0	9.70873786407767	0	0	0	0	0	0	9.375	0	8.09061488673139	23.8376524390244	30.2746467693285	30.8072048032021	39.84375	38.8116963915388	36.1564434440068	0	43.9116719242902	29.0108790796549	44.6549056019808	48.2230650372243	51.7447542397241	45.4762536481825	22.3880597014925	0	0	0	0	0	0	5.03778337531486	0	0	0	0	0	0	NA	0	NA	0	0	0	0	0	0	0	0	0	0	0	4.71841704718417	1.22249388753056	0	0	12.3859191655802	0.908455625436757	23.5408560311284	17.9487179487179	3.43434343434343	0	0	0	2.37717908082409	0	0	0	0	0	0	0	0	0	9.89445910290237	18.5273159144893	27.8857142857143	23.6134453781513	23.8177128116939	0.0772200772200772	22.7122381477398	27.2630457933972	20.7352941176471	24.0030097817908	32.2723253757737	41.2667946257198	18.552036199095	10.7317073170732	0	0	0	0	0	0	0	0	0	0	0	0	0	0	3.25765054294176	0	0	0.473186119873817	9.59915611814346	8.79765395894428	0	3.93258426966292	8.62068965517241	0	0.175901495162709	0	0	0	0	0	0	0	0	0	0	0	0	0	0	9.25071686822092	6.33315593400745	4.12595005428882	1.68141592920354	0	30.9623430962343	9.27672955974843	s:Spermatozopsis_similis
0	0.544959128065395	0	0	0	0	0	0	0	0	0	0	5.47945205479452	0	0	0	0	0	0	0	0	0	0	0	0	0	0	0	0	0	0	0	0	0	0	0	0	0	0	0	0	0	0	0	NA	0	NA	0	0	0	0.64	0	0.585365853658537	0	0	0	0	0.713153724247227	0	0	0.974025974025974	0	0.521512385919166	0	0	0	1.61616161616162	1.63934426229508	0	0	0	0	0.315457413249211	0	0	0	0	0	0	0	0	0	0	1.09243697478992	0	0	0	0	0	0	0	0	0	0	0	0	0	0	0	0	0	0.46656298600311	0.28169014084507	0	0	0	0.808080808080808	0	0	0	0	0	0	3.61681329423265	0	0	0	0.247279920870425	0.527704485488127	0	8.76288659793814	0	0	0	0	0	0	0	0	0.736648250460405	0	0	0	0	0.984566258648217	0	0	0	0	0	s:Tetraselmis_cordiformis
0	0	0	0	0	0	0	0	0	0	0	0	0	0	0	0	0	0	0	0	0	0	0	0	2.80757097791798	2.52594723021133	0	0	0	0	0	0	0	0	0	0	0	0	0	0	0	0.31813361611877	0	0	NA	0	NA	0	5.95238095238095	0	0.64	0	0	0	0	0	0	0	0.15220700152207	0.97799511002445	1.62337662337662	0	0	0	0	0	0	0.765027322404372	0	0	0	2.38611713665944	0	1.00200400801603	0	0	0	0	0	0	0	0	0	0	0	0	0	0	0	0	0	1.34357005758157	0	0	0	0	0.07627765064836	0	0	0	0.399201596806387	0	0	1.25628140703518	0	0	0.808080808080808	0	0	0	0	0	0	0	0	0	0	0	0	0	0	0	0	0	0	0	0	0	0	0.460405156537753	0	0	0	0	0	0	0	0	0	1.33647798742138	s:Tetraselmis_sp.
0	0	0	0	0	0	0	0	0	0	0	0	0	0	0	0	0	0	0	0	0	0	0	0	0	0	0	0	0	0	0	0	0	0	0	0	0	0	0	0	0	0	0	0	NA	0	NA	0	0	0	0	0	0	0	0	0	0	0	0	0	0	0	0	0	0	0	0	0	0	0	0	0	0	0	0	0	0	0	0	0	0	0	0	0	0	0	0	0	0	0	0	0	0	0	0	0	0	0	0	0	0	0	0	0	0	0	0	0	0	0	0	0	0	0	0	0	0	0	0	0	0	0	0.884955752212389	8.33333333333333	4.17690417690418	0	0	0	0	0	0	0	0	0	0	0	0	0	0	0	s:Tetrastrum_staurogeniaeforme
0	0	0	0	0	0	0	14.5631067961165	0	0	0	0	0	0	0	0	0	0	0	0	0	0	0	0	0	0	0	0	0	0	0	0	0	0	0	0	0	0	0	0	0	0	0	0	NA	0	NA	0	0	0	0	0	0	0	0	0	0	0	0	0	0	0	0	0	0	0	0	0	0	0	0	0	0	0	0	0	0	0	0	0	0	0	0	0	0	0	0	0	0	0	0	0	0	0	0	0	0	0	0	0	0	0	0	0	0	0	0	0	0	0	0	0	0	0	0	0	0	0	0	0	0	0	0	0	0	1.34907251264755	0	0	0	0	0	0	0	0	0	0	0	0	0	0	s:Tetrastrum_staurogeniiforme
0	0	0	0	0	0	0	0	0	0	0	0	0	0	0	0	0	0	0	0	0	0	0	0	0	0	0	0	0	0	0	0	0	0	0	0	0	0	0	0	0	0	0	0	NA	0	NA	0	0	0	0	0	0	0	0	0	0	0	0	0	0	0	0	0	0	0	0	0	0	0	0	0	0	0	0	0	0	0	0	0	0	0	0	0	0	0	0	0	0	0	0	0	0	0	0	0	0	0	0	0	0	0	0	0	0	0	0	0	0	0	0	0	0	0	0	0	0	0	0	0	0	0	0	0	0	0	0	0	0	0	0	0	2.32558139534884	0	0	0	0	0	0	0	s:Volvox_globator
0	0	0	0	0	0	0	0	0	0	0	0	0	0	0	0	0	0	0	0	0	0	0	0	0	0	0	0	0	0	0	0	0	0	0	0	0	0	0	0	0	0.95440084835631	0	0	NA	0	NA	0	0	0	0	0	0	0	0	0	0	0	0	0	0	0	0	0	0	0	0	0	0	0	0	0	0	0	1.12781954887218	0	0	0	0	0	0	0	0	0	0	0	0	0	0	0	0	0	0	0	0	0	0	0	0	0	0	0	0	0	0	0	0	0	0	0	0	0	0	0	0	0	0	0	0	0	0	0	0	0	0	0	0	0	0	0	0	0	0	0	0	0	0	0	0	0	s:Westella_botryoides
69.7183098591549	87.1934604904632	41.088491898629	50.5805515239477	95.6005138086063	0	59.5854922279793	14.0776699029126	100	65.8119658119658	86.2595419847328	5.02793296089385	91.7808219178082	29.0123456790123	0	71.5568862275449	89.2799352750809	60.2324695121951	53.5164311795523	58.7858572381588	56.8315972222222	60.0684363334716	62.7250984805853	37.9310344827586	48.2860147213459	68.4631736901338	54.0451872485299	51.7769349627757	48.2552457602759	48.5009286282834	54.5842217484009	0	47.5177304964539	100	55.3571428571429	9.09090909090909	47.887323943662	78.3375314861461	62.0817843866171	68.2186234817814	100	92.2587486744433	60.1532567049808	100	NA	87.0550161812298	NA	86.5612648221344	66.0714285714286	79.2682926829268	76.64	71.7557251908397	79.0731707317073	69.1943127962085	82.5648414985591	87.5401412973667	71.6369529983793	91.2044374009509	86.3013698630137	89.242053789731	84.7402597402597	88.961038961039	68.3181225554107	70.020964360587	65.1750972762646	70.6959706959707	69.2929292929293	69.6174863387978	65.625	79.8798798798799	68.7797147385103	79.3926247288503	84.8580441640379	88.7775551102204	77.0676691729323	78.9672544080605	78.4126984126984	81.7787418655098	71.5542521994135	77.0614692653673	66.2269129287599	61.8764845605701	65.1428571428572	63.781512605042	73.4307824591574	77.6061776061776	66.3726571113561	65.4952076677316	74.5588235294118	69.1497366440933	64.1909814323607	55.8541266794626	56.3348416289593	53.6585365853659	58.8957055214724	75.6613756613757	64.836003051106	95.6140350877193	77.3333333333333	75.6172839506173	80.8383233532934	86.7807153965785	81.4084507042254	80.6532663316583	92.6739926739927	81.858407079646	81.4141414141414	75.7874015748031	70.6811451135242	31.1088295687885	43.1535269709544	28.8643533123028	28.1645569620253	43.7927663734115	46.9437652811736	57.7715355805243	39.6551724137931	80.4154302670623	75.1099384344767	31.0344827586207	43.6855670103093	10.546875	85.8407079646018	62.7777777777778	43.7346437346437	81.3659359190557	49.1961414790997	56.8627450980392	75	80.7550644567219	66.9390787518574	26.7613801101769	37.2093023255814	87.7072684203965	62.1341138903672	89.685124864278	74.2772861356932	97.2877358490566	57.7405857740586	73.3490566037736	Unclassified
