X1	X10	X100	X101	X102	X103	X104	X105	X106	X107	X108	X109	X11	X110	X111	X112	X113	X114	X115	X116	X117	X118	X119	X12	X120	X121	X122	X123	X124	X125	X126	X127	X128	X129	X13	X130	X131	X132	X133	X134	X135	X136	X137	X138	X139	X14	X140	X15	X16	X17	X18	X19	X2	X20	X21	X22	X23	X24	X25	X26	X27	X28	X29	X3	X30	X31	X32	X33	X34	X35	X36	X37	X38	X39	X4	X40	X41	X42	X43	X44	X45	X46	X47	X48	X49	X5	X50	X51	X52	X53	X54	X55	X56	X57	X58	X59	X6	X60	X61	X62	X63	X64	X65	X66	X67	X68	X69	X7	X70	X71	X72	X73	X74	X75	X76	X77	X78	X79	X8	X80	X81	X82	X83	X84	X85	X86	X87	X88	X89	X9	X90	X91	X92	X93	X94	X95	X96	X97	X98	X99	taxa
0	0	0	0	0	0	0	0	0	0	0	0	0	0	0	0	0	0	0	0	0	0	0	0	0	0	0	0	0	0	0	0	0	0	0	0	0	0	0	0	0	0	0	0	NA	0	NA	0	0	0	0	0	0	0	0	0	0	0	0	0	0	0	0	0	0	0	0	0	0	0	0	0	0	0	0	0	0	0	0	0	0	0	0	0	0	0	0	0	0	1.20391271632807	0	0	0	0	0	0	0	0	0	0	0	0	0	0	0	0	0	0	0	0	0	0	0	0	0	0	0	0	0	0	0	0	0	0	0	0	0	0	0	0	0	0	0	0	0	0	0	0	0	0	g:Aphanochaete
1.26760563380282	0	0	0	0	0	0	0	0	0	0	0	0	0	0	0	0	0	0	0	0	0	0	0	0	0	0	0	0	0	0	0	0	0	0	0	0	0	0	0	0	0.424178154825027	0	0	NA	0	NA	0	0.992063492063492	0	1.28	0	1.41463414634146	0	0	0.899165061014772	0.162074554294976	0	0	0.733496332518337	0	0	0.391134289439374	1.39762403913347	0	0	1.01010101010101	2.62295081967213	7.10227272727273	0	0	1.95227765726681	2.99684542586751	0	1.37844611528822	0	0	0	1.46627565982405	1.34932533733133	0	1.18764845605701	0	0	0	0.926640926640927	0	0	0	0	0	0	0	0	0	0	0	0	0	0	0	0.31104199066874	0	0.753768844221105	0	0	0.606060606060606	0	3.5538005923001	0	0	0	0	0	0	2.99625468164794	0	0	0.615655233069481	0	0	0	0.589970501474926	0	0	0.674536256323777	0	0	0	0.276243093922652	0	0	0	0	0	0	0	0	3.68200836820084	0.943396226415094	g:Carteria
24.9295774647887	33.2425068119891	0	2.68505079825835	3.69299935773924	0	37.8238341968912	0	0	11.5384615384615	0	27.9329608938547	10.958904109589	27.5308641975309	0	0	2.6294498381877	0	0	0	0	0	0.168823860438942	20.6896551724138	0	0	0	0	1.00603621730382	0	0	0	13.2387706855792	0	14.2857142857143	0	0	7.05289672544081	0	4.04858299595142	0	5.19618239660657	0	0	NA	2.58899676375405	NA	15.0197628458498	3.96825396825397	3.17073170731707	3.36	0	22.5365853658537	7.10900473933649	11.5273775216138	13.0378933847142	31.6045380875203	4.43740095087163	1.97869101978691	13.9364303178484	36.038961038961	14.9350649350649	22.1642764015645	19.4968553459119	0.778210116731518	14.010989010989	30.1010101010101	27.6502732240437	13.6363636363636	42.6426426426426	48.811410459588	40.1301518438178	66.2460567823344	49.2985971943888	11.6541353383459	35.3904282115869	36.1904761904762	58.351409978308	57.1847507331378	49.3253373313343	12.401055408971	14.8456057007126	2.62857142857143	0	0	8.41698841698842	0	3.51437699680511	4.70588235294118	4.58991723100075	0.618921308576481	1.53550863723608	12.89592760181	0	0	0	27.9938977879481	5.26315789473684	12	5.8641975308642	2.59481037924152	11.5085536547434	6.76056338028169	22.1105527638191	17.5824175824176	7.22713864306785	15.5555555555556	31.1023622047244	21.9151036525173	0	0	0	0	6.94037145650049	14.0586797066015	8.70786516853933	23.7931034482759	21.6617210682493	31.9261213720317	0	16.4948453608247	0	4.12979351032448	0	0	1.60202360876897	0	0	0	38.0294659300184	0	0	7.15563506261181	0	0.505588078765301	0	0	0	0	12.185534591195	g:Chlamydomonas
0	0	0	0	0	0	0	0	0	0	0	0	0	0	0	0	0	0	0	0	0	0	0	0	0	0	0	0	0	0	0	0	0	0	0	0	0	0	0	0	0	0	0	0	NA	0	NA	0	0	0	0	0	0	0	0	0	0.810372771474878	0	0.76103500761035	0	0	0	0	0	0	0	0.808080808080808	0	0	0	0	0	0	0	0	2.26700251889169	0	0	0	0	3.29815303430079	0	0.685714285714286	0	0	0	1.65380374862183	0	0	0	1.59151193633952	0	0	4.8780487804878	0	0	0	0	0	0	0	0	0	0	0	0	0	0	0	0	0	0	10.337552742616	0	0	0	0	0	0	0	0	0	0	0	0	0	0	0	0	0	0	0	0	0	0	0	0	0	0	0	g:Chlorococcum
0	0	0	0	0	0	0	0	0	0	0	0	0	0	0	0	0	0	0	0	0	0	0	0	0	0	0	0	0	0	0	0	0	0	0	0	0	0	0	0	0	0	0	0	NA	0	NA	0	0	0	0	0	0	0	0	0	0	0	0	0	0	0	0	0	0	1.83150183150183	0	0	0	0	0	0	0	0	0	0	0	0	0	0	0	0	0	0	0	0	0	0	0	0	0	0	0	0	0	0	0	0	0	0	0	0	0	0	0	0	0	0	0	0	0	0	0	0	0	1.77902621722846	0	0	0	0	0	0	0	0	0	0	0	0	0	0	0	0	0	0	0	0	0	0	0	0	g:Chloromonas
0	0	0	0	0	0	0	0	0	0	0	0	0	0	0	0	0	0	0	0	0	0	0	0	0	0	0	0	0	0	0	0	0	0	0	0	0	0	0	0	0	0	0	0	NA	0	NA	0	0	0	0	0	0	0	0	0	0	0	0	0	0	0	0	0	0	0	0	0	0	0	0	0	0	0	0	0	0	0	0	0	0	0	0	0	0	0	0	0	0	0	0	0	0	0	0	0	0	0	0	0.51440329218107	0	0	0	0	0	0	0	0	0	0	0	0	0	0	0	0	0	0	0	0	0	0	0	0	0	0	0	0	0	0	0	0	0	0	0	0	0	0	0	0	g:Chlorosarcinopsis
0	0	0	0	0	0	0	0	0	0	0	0	0	0	0	0	0	0	0	0	0	0	0	0	0	0	0	0	0	0	0	0	0	0	0	0	0	0	0	0	0	0	0	0	NA	0	NA	0	0	0	0	0	0	1.8957345971564	0	0	0	0	0	0	0	0	0	0	3.21011673151751	1.19047619047619	0	0	0	0	0	0	0	0	0	0	0	0	0	0	0	0	0	0	0.343938091143594	0	0	0	0	0	0	0	0	0	0	0	0	0	0	0	0	0	0	0	0	0	0	0	0	0	2.9045643153527	1.89274447949527	4.74683544303798	2.73704789833822	8.55745721271394	1.21722846441948	13.448275862069	0	0	0	0	0	0	7.77777777777778	6.87960687960688	0	15.7556270096463	3.76470588235294	0	0	0	0	0	0.374018202219175	1.49015433741352	0	0	0	0	0	g:Choricystis
0	0	0	0	0	0	0	0	0	0	0	0	0	0	0	0	0	0	0	0	0	0	0	0	0	0	0	0	0	0	0	0	0	0	0	0	0	0	0	0	0	0	0	0	NA	0	NA	0	0	0	0	0	0	0	0	0	0	0	0	0	0	0	0	0	0	0	0	0	0	0	0	0	0	0	0	0	0	0	0	0	0.923482849604222	0	0	0	0	0	0	0	0	0	0	0	0	0	0	0	0	0	0	0	0	0	0	0	0	0	0	0	0	0	0	0	0	0	0	0	0	0	0	0	0	0	0	0	0	0	0	0	0	0	0	0	0	0	0	0	0	0	0	0	g:Cladophora
0	0	0	1.1611030478955	0	0	0	0	0	0	0	0	0	0	0	0	0	0	0	0	0	0	0	0	0	0	0	0	0	0	0	100	39.2434988179669	0	0	0	42.7230046948357	0	0	0	0	0	0	0	NA	0	NA	0	0	0	0	0	0	0	0	0	0	0	0	0	0	0	2.21642764015645	0	0.778210116731518	0	6.06060606060606	1.31147540983607	0	0	0	0	0	0	0	0	0	0	0	0	0	0	0	0	0	0	0	0	0	0	0	0	0	3.90243902439024	31.9018404907975	19.047619047619	0	4.3859649122807	0	1.95473251028807	2.79441117764471	2.33281493001555	0	4.77386934673367	0	0	0	0	0	0	0	0	0	0	0	0	0	0	0	0	0	0	0	0	0	0	0	0	0	2.11786372007366	0	0	0	0	0	0	0	0	0	4.00943396226415	g:Colemanosphaera
2.25352112676056	1.90735694822888	6.68882426256751	21.3352685050798	4.39948619139371	100	3.62694300518135	52.9126213592233	0	22.6495726495727	13.7404580152672	67.0391061452514	0	70.9876543209877	90.625	18.1137724550898	0	15.9298780487805	16.2089220511192	10.4069379586391	3.32465277777778	1.11986727498963	0.689364096792347	41.3793103448276	4.99474237644585	0	0.866604766326215	0	0	6.02281772353409	23.0277185501066	0	0	0	44.6428571428571	90.9090909090909	3.75586854460094	0	12.2676579925651	0	0	0	0	0	NA	0	NA	0	7.93650793650794	4.63414634146341	10.24	12.9770992366412	0	21.8009478672986	7.20461095100865	6.03725112395633	3.24149108589951	0.950871632329636	3.19634703196347	0	0	0	1.82529335071708	1.74703004891684	1.75097276264591	2.38095238095238	1.41414141414141	5.02732240437158	8.23863636363636	0	2.53565768621236	0	0	2.80561122244489	6.51629072681704	2.39294710327456	0	1.51843817787419	0	1.34932533733133	16.754617414248	9.50118764845606	4.91428571428571	11.3445378151261	2.40756663800516	2.77992277992278	6.94597574421169	3.72736954206603	0	0	0	0	14.9321266968326	11.7073170731707	1.53374233128834	0	5.64454614797864	0	0	0	0	0	0	0	0	0	0	7.08661417322835	5.92300098716683	46.3039014373717	53.9419087136929	68.7697160883281	34.915611814346	33.4310850439883	44.4987775061125	22.0973782771536	25.8620689655172	1.18694362017804	0.879507475813544	68.9655172413793	31.0567010309278	89.453125	0	4.44444444444444	38.3292383292383	0.337268128161889	25.4019292604502	39.3725490196078	17.578125	0	33.0609212481426	25.2247028124094	53.309481216458	2.40618376761002	7.79670037253858	6.18892508143322	23.4808259587021	0	0	1.25786163522013	g:Crustomastigaceae-AB
4.92957746478873	2.17983651226158	0	0	0	0	0	0	0	0	0	0	0	0	0	0	0	0	0	0	0	0	0	0	0	0	0	0	0	0	0	0	0	0	16.0714285714286	0	0	0	0	4.65587044534413	0	6.68080593849417	0	0	NA	10.3559870550162	NA	12.2529644268775	17.6587301587302	15.3658536585366	5.92	32.0610687022901	3.51219512195122	5.68720379146919	0	0	0	0.475435816164818	0	0.611246943765281	0	3.8961038961039	2.21642764015645	4.26275331935709	6.90661478599222	2.65567765567766	0.606060606060606	9.18032786885246	12.2159090909091	4.5045045045045	9.66719492868463	5.85683297180043	0	0	2.88220551378446	1.63727959697733	21.5873015873016	2.60303687635575	5.27859237536657	10.9445277361319	3.69393139841689	3.68171021377672	2.28571428571429	1.59663865546218	0	4.55598455598456	0	0	2.05882352941176	3.53649360421369	1.14942528735632	1.15163147792706	10.8597285067873	17.0731707317073	4.60122699386503	0	6.63615560640732	0	5.33333333333333	8.74485596707819	1.39720558882236	4.35458786936236	9.01408450704225	5.52763819095477	12.8205128205128	12.6843657817109	8.48484848484849	4.7244094488189	6.12043435340573	22.5872689938398	0	0	0	1.75953079178886	0	0	0	0	1.58311345646438	0	0	10.546875	13.716814159292	31.1111111111111	6.14250614250614	19.1399662731872	9.64630225080386	0	7.421875	2.02578268876611	0	0	0	0	0	0.651465798045603	0	0	0	6.83962264150943	g:Desmodesmus
0	0	0	0	0	0	0	0	0	0	0	0	0	0	0	0	0	0	0	0	0	0	0	0	0	0	0	0	0	0	0	0	0	0	0	0	0	0	0	0	0	0.95440084835631	0	39.1836734693878	NA	0	NA	0	0	0	0	0	0	0	0	0	0	0	0.76103500761035	1.10024449877751	0	0	0.651890482398957	0	0	0.915750915750916	0	0	0	0	0	0	0	0	0.37593984962406	0	0	0	0	0	0	0	0	0	0	0.772200772200772	0	0	0	0	0	0	0	0	0	0	1.1441647597254	0	0	0	0	0	0	0	0	0	0	1.37795275590551	0	0	0	0	12.2362869198312	0	0	0	0	0	0	0	0	0	0	0	0	0	0	0	0	0	0	0	0	0	0	0	0	0	0	1.17924528301887	g:Golenkinia
0	0	0	0	0	0	0	0	0	0	0	0	0	0	0	0	0	0	0	0	0	0	0	0	0	0	0	0	0	0	0	0	0	0	0	0	0	0	0	0	0	0	0	0	NA	0	NA	0	0	0	0	0	0	0	0	0	0	0	0	0	0	0	0	0	0	0	0	0	0	0	0	0	0	0	0	0	0	0	0	0	0	0	0	0	0	0	0	0	0	0	0	0	0	0	0	0	0	0	0	0	0	0	0	0	0	0	0	0	0	0	0	0	5.27426160337553	0	0	1.77902621722846	0	0	0.0879507475813544	0	0	0	0	0	0	0	0	0	0	0	0	0	0	0	0	0	0	0	0	0	g:Haematococcus
0	0	0	0	0	0	0	0	0	0	0	0	0	0	0	0	0	0	0	0	0	0	0	0	0	0	0	0	0	0	0	0	0	0	0	0	0	0	0	0	0	0	0	0	NA	0	NA	0	0	0	0	0	0	0	0	0	0	0	0	0	0	0	0	0	0	0	0	0	0	0	0	0	0	0	0	0	0	0	0	0	0	0	0	0	0	0	0	0	0	0	0	0	1.58371040723982	0	0	0	0	0	0	0	0	0	0	0	0	0	0	0	0	0	0	0	0	0	0	0	0	0	0	0	0	0	0	0	0	0	0	0	0	0	0	0	0	0	0	0	0	0	0	0	g:Hafniomonas
0	0	0	0	0	0	0	0	0	0	0	0	0	0	0	0	0	0	0	0	0	0	0	0	0	0	0	0	0	0	0	0	0	0	0	0	0	0	0	0	0	0	0	0	NA	0	NA	0	0	0	0	0	0	0	0	0	0	0	0	0	0	0	0	0	0.680933852140078	0	0	0	0	0	0	0	0	0	1.00250626566416	0	0	0	0	0	0	0	0	0	0	0	0	0	0	0	0	0	0	0	0	0	0	0	0	0	0	0	0	0	0	0	0	0	0	0	0	0	0	0	0	0	0	0	0	0	0	0	0	0	0	0.337268128161889	0	0	0	0	0	0	0	0	0	0	0	0	0	0	g:Hariotina
0	0	0	0	0	0	0	8.7378640776699	0	0	0	0	0	0	0	0	0	0	0	0	0	0	0	0	0	0	0	0	0	0	0	0	0	0	0	0	0	0	0	0	0	0	0	0	NA	0	NA	0	0	0	0	0	0	0	0	0	0	0	0	0	0	0	0	0	0	0	0	0	0	0	0	0	0	0	0	0	0	0	0	0	0	0	0	0	0	0	0	0	0	0	0	0	0	0	0	0	0	0	0	0	0	0	0	0	0	0	0	0	0	0	0	0	0	0	0	0	0	0	0	0	0	0	0	0	0	0	0	0	0	0	0	0	0	0	0	0	0	0	0	0	g:Heveochlorella
0	0	0	0	0	0	0	0	0	0	0	0	0	0	0	0	0	0	0	0	0	0	0	0	0	0	0	0	0	0	0	0	0	0	0	0	0	0	0	0	0	0	0	0	NA	0	NA	0	0	0	0	0	0	0	0	0	0	0	0	0	0	0	3.12907431551499	0	0	0	0	0	0	0	0	0	0	0	0	0	0	0	0	0	0	0	0	0	0	0	0	0	0	0	0	0	0	0	0	0	0	0	0	0	0	0	0	0	0	0	0	0	0	0	0	0	0	0	0	0	0	0	0	0	0	0	0	0	0	0	0	0	0	0	0	0	0	0	0	0	0	0	0	0.550314465408805	g:Lagerheimia
0	0	0	0	0	0	0	0	0	0	8.3969465648855	0	0	0	0	29.5658682634731	0	0	0	0	0	0	0	0	0	0	0	0	0	0	0	0	0	0	0	0	0	0	0	6.68016194331984	0	4.98409331919406	26.0536398467433	0	NA	0	NA	0	0	0	0	0	0	0	0	0	0	0	0	0	0	0	0	0	0	0	0	0	1.98863636363636	0	0	0	0	0	1.8796992481203	4.28211586901763	0	0	0	0	7.12401055408971	1.06888361045131	1.14285714285714	0	0	0	0	0	0	0	0	0	0	0	0	0	0.91533180778032	0	0	4.11522633744856	0	0	0	0	0	5.6047197640118	0	0	0	0	0	0	0	0	0	0	0	0	0	0	0	0	0	0	0	0	0	0	0	0	0	0	0	0	0	0	0	0	0	0	g:Micractinium
0	0	0	0	0	0	0	0	0	0	0	0	0	0	0	0	0	0	0	0	0	0	0	0	0	0	0	0	0	0	0	0	0	0	0	0	0	0	0	6.2753036437247	0	0	0	0	NA	0.970873786407767	NA	0	0	3.41463414634146	0.16	0	0	0	0	0	0	0	0	0	0	0	0	0	0	1.0989010989011	0	0	0	0	0	0	0	0	0	0	0	0	0	0	0	0	0	0	0	0.540540540540541	0	0	0	0	0	0	0	0	0	0	0	0	0	0	0	0	0	0	0	0	0	0	0	0	0	0	0	0	0	0	0	0	0	0	0	0	4.12979351032448	0	0	1.77065767284992	0	0	0	0	0	0	0	0	0	0	0	0	0	0	g:Mychonastes
0	0	0	0	0	0	0	0	0	0	0	0	0	0	0	0	0	0	0	0	0	0	0	0	0	0	0	0	0	0	0	0	0	0	0	0	0	0	0	0	0	0	0	0	NA	0	NA	0	0	0	0	0	0	0	0	0	0	0	0	0	0	0	0	0	0	0	0	0	0	0	0	0	0	0	0	0	0	0	0	0	0	0	0	0	0	0	0	0	0	0	0	0	0	0	0	0	0	0	0	0	0	0	0	0	0	0	0	0	0	0	0	0	0	0	0	0	0	0	0	0	0	0	0	0	0	0	0	0	0	0	0	0	0	0	20.7557211282597	0	0	0	0	0	g:Myrmecia
0	0	0	0	0	0	0	0	0	0	0	0	0	0	0	0	0	0	0	0	0	0	0	0	0	0	0	0	0	0	0	0	0	0	0	0	0	0	0	0	0	0	0	0	NA	0	NA	0	0	0	0	0	0.390243902439024	0	0	0	0	0	0	0	0	0	0	0	0	0	0	0	0	0	0	0	0	0	0	0	0	0	0	0	0	0	0	0	0	0.849420849420849	0	0	0	0	0	0	0	0	0	0	0	0	0	0	0	0	0	0	0	0	0	0	0	0	0	0	5.06329113924051	0.586510263929619	0	0	5.86206896551724	0.692383778437191	0	0	0	0	0	7.77777777777778	0	0	0	0	0	0	0	0	0	0	0	0	0	0	0	0	g:Nannochloris
0	0	0	0	0	0	0	0	0	0	0	0	0	0	0	0	0	0	0	0	0	0	0	0	0	0	0	0	0	0	0	0	0	0	0	0	5.63380281690141	0	0	0	0	0	0	0	NA	0	NA	0	0	0	0	0	0.292682926829268	0	0	0	0	0	0	0	0	0	0	0	0	0	0	0	0	0	0	0	0	0	0	0	0	0	0	0	0	0	0	0	0	0	0	0	0	0.752445447705041	0	0	0	0	0	0	0	0	0	0	0	0	0	0	0	0	0	0	0	0	0	0	0	0	0	0	0	0	0	0	0	0	0	0	0	0	0	0	0	0	0	0	0	0	0	0	0	0	0	0	g:Neochloris
0	0	0	0	0	0	0	0	0	0	0	0	0	0	0	0	0	0	0	0	0	0	0	0	0	0	0	0	0	0	0	0	0	0	0	0	0	0	0	0	0	0	0	0	NA	0	NA	0	0	0	0.96	0	0	0	0	0	0	0	0	0	0	0	0	0	0	0	0	0	0	0	0	0	0	0	0	0	0	0	0	0	0	0	0	0	0	0	0	0	0	0	0	0	0	0	0	0	0	0	0	0	0	0	0	0	0	0	0	0	0	0	0	0	0	0	0	0	0	0	0	0	0	0	0	0	0	0	0	0	0	0	0	0	0	0	0	0	0	0	0	0	g:Neochlorosarcina
0	0	0	0	0	0	0	0	0	0	0	0	0	0	0	10.3293413173653	0	0	0	0	0	0	0	0	0	0	0	0	0	0	0	0	0	0	0	0	0	0	7.80669144981413	12.5506072874494	0	2.96924708377519	39.8467432950192	0	NA	0	NA	0	0	0	0	0	0	0	0	0	0	0	0	1.22249388753056	0	0	0	0	1.07003891050584	0	0	0	0	0	0	0	0	0	0	0	0	0	0	0	0	0	1.37142857142857	0	0	0	0	0	0	0	0	0	0	0	0	5.29100529100529	0	0	22.6666666666667	1.23456790123457	6.58682634730539	0	4.22535211267606	3.51758793969849	5.86080586080586	4.27728613569322	3.23232323232323	0	0	0	0	0	0	0	0	0	0	0	0	0	0	0	0	0	0	0	0	0	0	0	0	0	0	0	0	0	0	0	0	1.10062893081761	g:Oocystaceae
0	0	0	0	0	0	0	0	0	0	0	0	0	0	0	0	0	0	0	0	0	0	0	0	0	0	0	0	0	0	0	0	0	0	0	0	0	0	0	0	0	0	0	0	NA	0	NA	0	0	0	0	0	0	0	0	0	0	0	0	0	0	0	0	0	0	0	0	0	0	0	0	0	0	0	0	0	0	0	0	0	0	0	0	0	0	0.540540540540541	0	0	0	0	0	0	0	0	0	0	0	0	0	0	0	0	0	0	0	0	0	0	0.987166831194472	0	0	0	0	0	0	0	0	0	0	0	0	0	0	0	0	0	0	0	0	0	0	0	0	0	0	0	0	0	0	0	g:Oocystella
0	0	0	0	0	0	0	0	0	0	0	0	0	0	0	0	0	0	0	0	0	0	0	0	0	0	0	0	0	0	0	0	0	0	0	0	0	0	0	0	0	0	0	0	NA	0	NA	0	0	0	0	0	0	0	0	0	0	0	0	0	0	0	0	0	0	0	0	0	0	0	0	0	0	0	0	0	0	0	0	0	0	0	0	0	0	0	0	0	0	0	0	0	0	0	0	0	1.29672006102212	0	0	0	0	0	0	0	0	0	0	0	0	0	0	0	0	0	0	0	0	0	0	0	0	0	0	0	0	0	0	0	0	0	0	0	0	0	0	0	0	0	0	0	g:Oocystis
0	0	0	0	0	0	0	0	0	0	0	0	0	0	0	0	0	0	0	0	0	0	0	0	0	0	0.433302383163107	0	0	0	0	0	0	0	0	0	0	16.624685138539	17.8438661710037	15.1821862348178	0	0	0	0	NA	0	NA	0	0	0	0	0	0	0	0	0	0	0	0	0	0	0	0	0	0	0	0	0	0	0	0	0	0	0	0	0	0	0	0	0	0	0	0	0	0	0	0	0	0	0	0	0	0	0	0	0	0	0	0	0	0	0	0	0	0	0	0	0	0	0	0	0	0	0	0	0	0	0	0	0	0	0	0	0	0	0	0	0	0	0	0	0	0	0	0	0	0	0	0	0	g:Ostreococcus
0	0	0	0	0	0	0	0	0	0	0	0	0	0	0	0	0	0	0	0	0	0	0	0	0	0	0	0	0	0	0	0	0	0	0	0	0	0	0	0	0	0	0	0	NA	0	NA	0	0	0	0	0	0	0	0	0	0	2.29793977812995	0	0	0	0	0	1.53738644304682	0	0	0	0	0	0	0	0	0	0	0	0	0	0	0	0	0	0	0	0	0	0	1.32304299889746	0	0	0	0	0	0	0	0	0	0	0	0	6.27572016460905	0	0	0	0	0	0	0	0	0	0	0	0	0	0	0	0	0	0	0	0	0	0	0	0	0	0	0	0	0	3.77532228360958	0	45.636416352566	0	0	0	0	0	0	3.93305439330544	0	g:Pandorina
0	0	0	0	0	0	0	0	0	0	0	0	2.73972602739726	0	0	0	0	0	0	0	0	0	0	0	0	0	0	0	0	0	0	0	0	0	0	0	0	0	0	0	0	0	0	0	NA	0	NA	0	0	0	0	0	1.02439024390244	0	0	0	0	0	0	0	0	0	0	0	0.194552529182879	0	0	0	0	0	0	0	0	0	0	0	0	0	0	0	0	0	0	0	0	0	0	0	0	0	0	0	0	0	0	0	0.99160945842868	0	0	0	0	0	0	0	0	0	0	0	0	0	0	0	0	0	0	0.655430711610487	0	0	1.23131046613896	0	0	0	0	0	0	0	0	0	0	0	0	0	0	0	0	0	0	0	0	0	g:Pascherina
18.3098591549296	0	0	0	0	0	0	0	0	0	0	0	0	0	0	0	0	0	0	0	0	0	0	0	0	0	0	0	0	0	0	0	0	0	0	0	0	0	0	0	0	0	0	0	NA	0	NA	0	0	0	2.08	0	5.95121951219512	0	9.07780979827089	3.46820809248555	4.70016207455429	1.34706814580032	2.89193302891933	2.32273838630807	0	0	0.91264667535854	2.16631726065688	0	0.641025641025641	0	0.983606557377049	0	0	0	0	0	0	4.76190476190476	0	2.85714285714286	0	0	3.14842578710645	0	2.49406175771971	0	0	0	6.56370656370656	0	0	0	1.42964635063958	0	0	0	9.26829268292683	7.66871165644172	0	2.97482837528604	0	0	2.98353909465021	4.19161676646707	1.08864696734059	5.35211267605634	2.26130653266332	0	7.07964601769912	10.1010101010101	3.74015748031496	7.89733464955577	0	0	0	0	0	0	2.90262172284644	0	0.840751730959446	5.36499560246262	0	0	0	0	0	0	0	0	0	0	4.05156537753223	0	2.37750072484778	0	0.261812741553422	0	0	0	0	0	0	g:Paulschulzia
0	0	0	3.62844702467344	0	0	0	0	0	0	0	0	0	0	0	0	0	0	0	0	0	0	0	0	0	0	0	0	0	0	0	0	0	0	0	0	0	0	0	0	0	0	0	0	NA	0	NA	0	0	0	0	0	0	0	0	0	0	0	0	0	0	0	2.21642764015645	0	0.875486381322957	1.00732600732601	1.81818181818182	0	0	0	0	0	0	0	0	0	0	0	0	0	0	0	0	0	0	0	0	0	0	0	0	0	0	0	0	0	0.3813882532418	0	0	0	0	0	0	0	0	0	0	0	0	0	0	0	0	8.69990224828935	0	0.936329588014981	0	0	0	0	0	0	0	0	0	0	0	0	0	0	0	0	0	0	0	0	0	0	0	0	g:Pedinomonas
0	0	0	0	0	0	0	0	0	0	0	0	0	0	0	0	0	0	0	0	0	0	0	0	0	0	0	0	0	0	0	0	0	0	0	0	0	0	0	0	0	0	0	0	NA	0	NA	0	0	0	0	0	0	0	0	0	0	0	0	0.488997555012225	0	0	0.651890482398957	0	0	0	0	0	0	2.1021021021021	0	0	0	0	0	0	0	1.08459869848156	0	1.04947526236882	0	0	0	0	0	0	0	0	0	0	0	0	0	0	0	0	0	0	0	0	0	0	0	0	0	0	0	0	0	0	0	0	0	0	0	0	0	0	0	0	0	0	0	0	0	0	0	0	0	0	0	0	0	0	0	0	0	0	0	0	g:Phacotus
0	0	0	0	0	0	0	0	0	0	0	0	0	0	0	0	0	0	0	0	0	0	0	0	0	0	0	0	0	0	0	0	0	0	0	0	0	0	0	0	0	0	0	0	NA	0.647249190938511	NA	0	0	0	0	0	0	0	0	0	0	0	0	0	0	0	0	0	0	0	0	0	0	0	0	0	0	0	0	0	0	0	0	0	0	0	0	0	0	0	0	0	0	0	0	0	0	0	0	0	0	0	0	0	0	0	0	0	0	0	0	0	0	0	0	0	0	0	0	0	0	0	0	0	0	0	0.589970501474926	0	0	0.421585160202361	0	0	0	0	0	0	0	0	0	0	0	0	0	0	g:Pseudodidymocystis
0	0	0	0	0	0	0	0	0	0	0	0	0	0	0	0	0	0	0	0	0	0	0	0	0	0	0	0	0	0	0	0	0	0	0	0	0	0	0	0	0	0	0	0	NA	5.17799352750809	NA	0	4.36507936507936	0	0	0	1.60975609756098	0	0	0	0	0	0	0	0	0	0	9.08455625436758	0	0	0	1.31147540983607	0	0	0	0	0	0	8.1453634085213	0	0	0	0	1.34932533733133	2.77044854881266	0	0	0	0	6.48648648648649	0	0	0	0	0	0	0	0	0	0	2.2883295194508	0	0	0	0	0	0	0	0	0	0	0	0	0	0	0	0	0	0	0	0	0.29673590504451	0	0	0	0	2.06489675516224	0	6.87960687960688	1.43338954468803	0	0	0	0	0	0	0	0	0	0	0	2.7122641509434	0	0	g:Pseudopediastrum
0	0	0	0	0	0	0	0	0	0	0	0	0	0	0	0	0	0	0	0	0	0	0	0	0	0	0	0	0	0	0	0	0	0	0	0	0	0	0	0	0	0	0	0	NA	0	NA	0	0	0	0	0	0	0	0	0	0	0	0	0	0	0	0	0	0	0	0	0	0	0	0	0	0	0	0	1.51133501259446	0	0	0	0	0	0	0	0	0	0	0	0	0	0	0	0	0	0	0	0	0	0	0	0	0	0	0	0	0	0	0	0	0	0	0	0	0	0	0	0	0	0	0	0	0	0	0	0	0	0	0	0	0	0	0	0	0	0	0	0	0	0	0	0	g:Pseudoschroederia
0	0	0	0	0	0	0	0	0	0	0	0	0	0	0	0	0	0	0	0	0	0	0.260270118176702	0	0	0	0	0	0	0	0	0	0	0	0	0	0	0	0	0	0	0.63626723223754	0	0	NA	0	NA	0	0.595238095238095	0	1.12	0	0	0	0	0	0	0.554675118858954	0	0	0	0	0.130378096479791	0.279524807826695	0.875486381322957	0	5.45454545454545	5.9016393442623	5.39772727272727	14.7147147147147	1.90174326465927	1.51843817787419	2.99684542586751	4.00801603206413	0	0	0.634920634920635	1.7353579175705	0.879765395894428	0.449775112443778	0	0.950118764845606	0	0.168067226890756	0	0	0	0	0	0	0	0	0	0	0	0	1.83066361556064	0	0	8.95061728395062	2.9940119760479	6.84292379471229	6.76056338028169	2.01005025125628	0	5.01474926253687	1.41414141414141	0.196850393700787	0	0	0	0	0	3.81231671554252	0	0	0	0.494559841740851	0.351802990325418	0	0	0	0	0	0	0.168634064080944	0	0	0	0.460405156537753	0	0	0	0	0	0	0.56047197640118	0	3.68200836820084	0.0786163522012579	g:Pteromonas
1.54929577464789	0	0	0	0	0	0	0	0	0	0	0	0	0	0	0	0	0	0	0	0	0	0	0	0	0	0	0	0	0	0	0	0	0	0	0	0	0	0	0	0	0	0	0	NA	0.970873786407767	NA	0	0	0	0	0	0	0	0	0	0	0	0	0	0	0	0	0.279524807826695	0	0	0	0	0	0	0	0	0	0	0	0	0	0	0	0	0	0	0	0	0	0.386100386100386	0	0	0	0	0	0	0	0	0	0	0	0	0	0	0	0	0	0	0	0	0	0	0	0	0	0	0	0	0	0	0	0	0.0879507475813544	0	0	0	0	0	0	0.337268128161889	0	0	0	0	0	0	0	0	0	0	0	0	0	0	g:Radiococcus
0	1.63487738419619	0	0	0	0	0	0	71.264367816092	0	0	0	0	0	0	0	0	0	0	0	0	0	0	0	0	0	0	0	0	0	0	0	0	0	0	0	0	0	0	0	40.8653846153846	1.90880169671262	0	0	NA	4.85436893203883	NA	13.4387351778656	10.1190476190476	17.5609756097561	6.72	14.8854961832061	2.73170731707317	7.10900473933649	0	0	0	0	0	0	0.974025974025974	0	0.391134289439374	3.14465408805031	3.89105058365759	0.732600732600733	1.01010101010101	1.53005464480874	0	0	0	0	0	0	3.88471177944862	0	1.26984126984127	0	0	0.899550224887556	0	0.831353919239905	0	0	0	7.95366795366795	0.992282249173098	0	0	0	1.3262599469496	0	2.03619909502262	5.85365853658537	0	0	11.441647597254	0	0	0	1.79640718562874	0.622083981337481	0.563380281690141	0	1.46520146520147	1.76991150442478	1.61616161616162	3.74015748031496	0	0	0	0	0	0.782013685239492	0	0	0	0.494559841740851	1.9349164467898	0	0	0	9.14454277286136	0	8.5995085995086	13.4907251264755	0	0	0	1.65745856353591	0	0	0	0	0	0	0	0	0	2.12264150943396	g:Scenedesmus
0	0	0	0	0	0	0	0	0	0	0	0	0	0	0	0	0	0	0	0	0	0	0	0	0	0	0	0	0	0	0	0	0	0	0	0	0	0	0	0	0	0	0	0	NA	0	NA	0	0	0	0	0	0	0	0	0	0	0	0	0	0	0	0	0	0	0	0	0	0	0	0	0	0	0	0	0	0	0	0	0	0	0	0	0	0	0	0	0	0	0	0	0	0	0	0	0	0	0	0	0	0	0	0	0	0	0	0	0	0	0	0	0	0	0	0	0	0	0	0	0	0	0	0	0	0	0	0	0	0	0	0	0	0	0	0	0	0	0	0	0.235849056603774	g:Scotinosphaera
1.83098591549296	0	52.2226838388035	24.2380261248186	0	0	0	9.70873786407767	0	0	0	0	0	0	9.375	0	8.09061488673139	23.8376524390244	30.2746467693285	30.8072048032021	39.84375	38.8116963915388	36.1564434440068	0	43.9116719242902	29.0108790796549	44.6549056019808	48.2230650372243	51.7447542397241	45.4762536481825	22.3880597014925	0	0	0	0	0	0	5.03778337531486	0	0	0	0	0	0	NA	0	NA	0	0	0	0	0	0	0	0	0	0	0	4.71841704718417	1.22249388753056	0	0	12.3859191655802	0.908455625436757	23.5408560311284	17.9487179487179	3.43434343434343	0	0	0	2.37717908082409	0	0	0	0	0	0	0	0	0	9.89445910290237	18.5273159144893	27.8857142857143	23.6134453781513	23.8177128116939	0.0772200772200772	22.7122381477398	27.2630457933972	20.7352941176471	24.0030097817908	32.2723253757737	41.2667946257198	18.552036199095	10.7317073170732	0	0	0	0	0	0	0	0	0	0	0	0	0	0	3.25765054294176	0	0	0.473186119873817	9.59915611814346	8.79765395894428	0	3.93258426966292	8.62068965517241	0	0.175901495162709	0	0	0	0	0	0	0	0	0	0	0	0	0	0	9.25071686822092	6.33315593400745	4.12595005428882	1.68141592920354	0	30.9623430962343	9.27672955974843	g:Spermatozopsis
0	0	0	0	0	0	0	0	0	0	0	0	0	0	0	0	0	0	0	0	0	0	0	0	0	0	0	0	0	0	0	0	0	0	0	0	0	0	0	0	0	0	0	0	NA	0	NA	0	0	0	0	0	0	0	0	0	0	0	0	0	0	0	0	0	0	0	0	0	0	0	0	0	0	0	0	0	0	0	0	0	0	0	0	0	0	0	0	0	0.588235294117647	0	0	0	0	0	0	0	0	0	0	0	0	0	0	0	0	0	0	0	0	0	0	0	0	0	0	0	0	0	0	0	0	0	0	0	0	0	0	0	0	0	0	0	0	0	0	0	0	0	0	0	g:Stigeoclonium
1.26760563380282	19.0735694822888	0	0	0	0	0	0	0	18.3760683760684	0	0	27.3972602739726	0	0	0	0	0	0	0	0	0	0	0	2.80757097791798	3.66387395273227	0	0	0	0	0	0	15.1300236406619	47.2972972972973	0	9.09090909090909	26.056338028169	43.0730478589421	0	2.22672064777328	0	5.40827147401909	0	0	NA	0	NA	0	5.95238095238095	0	6.4	6.48854961832061	0.585365853658537	0	47.4063400576369	45.407835581246	23.1766612641815	52.3771790808241	15.3729071537291	26.5281173594132	19.1558441558442	0	7.04041720990874	0	5.83657587548638	8.42490842490843	2.82828282828283	2.40437158469945	2.84090909090909	12.012012012012	14.4215530903328	36.2255965292842	7.72870662460568	14.0280561122244	0	2.26700251889169	7.61904761904762	5.2060737527115	0	3.59820089955022	2.9023746701847	2.96912114014252	14.7428571428571	13.109243697479	11.865864144454	0	13.0099228224917	11.2886048988285	22.7941176470588	14.0707298720843	0	12.2840690978887	12.6696832579186	12.6829268292683	21.1656441717791	49.2063492063492	1.22044241037376	43.859649122807	37.3333333333333	33.1275720164609	35.3293413173653	15.552099533437	11.830985915493	8.04020100502512	0	3.68731563421829	6.06060606060606	7.48031496062992	0.789733464955577	0	0	0	0	3.61681329423265	0	8.52059925093633	0	40.0593471810089	10.8179419525066	0	15.2061855670103	0	0	0	0	0	0	0	0	9.76058931860037	1.48588410104012	4.00115975645115	4.65116279069767	5.21132028425383	2.55455029270889	0	1.5929203539823	0	0	11.9496855345912	g:Tetraselmis
0	0	0	0	0	0	0	14.5631067961165	0	0	0	0	0	0	0	0	0	0	0	0	0	0	0	0	0	0	0	0	0	0	0	0	0	0	0	0	0	0	0	0	0	0	0	0	NA	0	NA	0	0	0	0	0	0	0	0	0	0	0	0	0	0	0	0	0	0	0	0	0	0	0	0	0	0	0	0	0	0	0	0	0	0	0	0	0	0	0	0	0	0	0	0	0	0	0	0	0	0	0	0	0	0	0	0	0	0	0	0	0	0	0	0	0	0	0	0	0	0	0	0	0	0	0	1.91740412979351	8.33333333333333	5.8968058968059	1.34907251264755	0	0	0	0	0	0	0	0	0	0	0	0	0	0	g:Tetrastrum
0	0	0	0	0	0	0	0	0	0	0	0	0	0	0	0	0	0	0	0	0	0	0	0	0	0	0	0	0	0	0	0	0	0	0	0	0	0	0	0	0	0	0	0	NA	0	NA	0	0	0	0	2.29007633587786	0	0	0	0	0	0	0	0	0	0	0	0	0	0	0	0	0	0	0	0	0	0	0	0	0	0	0	0	0	0	0	0	0	0	0	0	0	0	0	0	0	0	0	0	0	0	0	0	0	0	0	0	0	0	0	0	0	0	0	0	0	0	0	0	0	0	0	0	0	0	0	0	0	0	0	0	0	0	0	0	0	0	0	0	0	0	0	0	g:Vitreochlamys
0	0	0	0	0	0	0	0	0	0	0	0	0	0	0	0	0	0	0	0	0	0	0	0	0	0	0	0	0	0	0	0	0	0	0	0	0	0	0	0	0	0	0	0	NA	0	NA	0	0	0	5.12	0	0	0	0	13.8728323699422	6.96920583468395	6.02218700475436	1.82648401826484	0	0	18.1818181818182	0	0	0	0	0	0	0	0	3.01109350237718	0	0	0	0	0	0	0	0	0	3.56200527704486	0	0	2.18487394957983	0	0	0	0	0	0	31.2997347480106	0	0	0	21.1656441717791	0	0	0	0	0	0	0	0	0	0	0	0	0	0	0	0	0	0	0	0	0	0	1.08803165182987	0	0	0	0	0	0	0	4.38448566610455	0	7.84313725490196	0	0	7.05794947994056	0	2.32558139534884	0	0	0	0	0	0	0	g:Volvox
0	0	0	0	0	0	0	0	0	0	0	0	0	0	0	0	0	0	0	0	0	0	0	0	0	0	0	0	0	0	0	0	0	0	0	0	0	0	0	0	0	0.95440084835631	0	0	NA	0	NA	0	0	0	0	0	0	0	0	0	0	0	0	0	0	0	0	0	0	0	0	0	0	0	0	0	0	0	1.12781954887218	0	0	0	0	0	0	0	0	0	0	0	0	0	0	0	0	0	0	0	0	0	0	0	0	0	0	0	0	0	0	0	0	0	0	0	0	0	0	0	0	0	0	0	0	0	0	0	0	0	0	0	0	0	0	0	0	0	0	0	0	0	0	0	0	0	g:Westella
43.6619718309859	41.9618528610354	41.088491898629	46.9521044992743	91.9075144508671	0	58.5492227979275	14.0776699029126	28.735632183908	47.4358974358974	77.8625954198473	5.02793296089385	58.9041095890411	1.48148148148148	0	41.9910179640719	89.2799352750809	60.2324695121951	53.5164311795523	58.7858572381588	56.8315972222222	60.0684363334716	62.7250984805853	37.9310344827586	48.2860147213459	67.3252469676129	54.0451872485299	51.7769349627757	47.2492095429721	48.5009286282834	54.5842217484009	0	32.387706855792	52.7027027027027	25	0	21.830985915493	28.2115869017632	62.0817843866171	48.3805668016194	59.1346153846154	69.8833510074231	34.0996168582375	60.8163265306122	NA	74.4336569579288	NA	59.2885375494071	48.4126984126984	55.8536585365854	56.64	31.2977099236641	59.9512195121951	56.3981042654028	24.7838616714697	17.276814386641	29.3354943273906	31.5372424722662	68.4931506849315	51.8337408312958	43.8311688311688	62.987012987013	43.6766623207301	55.6953179594689	49.6108949416342	47.1611721611722	45.4545454545455	42.0765027322404	48.5795454545455	24.024024024024	17.2741679873217	14.3167028199566	20.0315457413249	29.8597194388778	56.390977443609	50.2518891687657	29.8412698412698	29.5010845986985	35.1906158357771	26.5367316341829	36.6754617414248	43.9429928741093	44.3428571428571	47.9831932773109	61.5649183147034	59.1505791505792	53.3627342888644	54.2066027689031	49.1176470588235	50.4138449962378	31.7418213969938	43.7619961612284	26.4705882352941	23.9024390243902	11.9631901840491	26.4550264550265	35.2402745995423	46.4912280701754	22.6666666666667	26.2345679012346	42.315369261477	57.3872472783826	55.4929577464789	51.0050251256281	62.2710622710623	52.6548672566372	52.9292929292929	40.5511811023622	49.5557749259625	31.1088295687885	43.1535269709544	28.8643533123028	17.8270042194093	28.8367546432063	32.8850855745721	44.4756554307116	22.4137931034483	33.1849653808111	44.9428320140721	31.0344827586207	37.2422680412371	0	63.716814159292	40.5555555555556	27.2727272727273	54.5531197301855	49.1961414790997	49.0196078431373	75	37.8453038674033	58.3952451708767	22.7602203537257	32.5581395348837	82.4959481361426	60.5641298563066	89.0336590662323	72.6843657817109	97.2877358490566	57.7405857740586	48.2704402515723	Unclassified
