Group.1	X1	X10	X100	X101	X102	X103	X104	X105	X106	X107	X108	X109	X11	X110	X111	X112	X113	X114	X115	X116	X117	X118	X119	X12	X120	X121	X122	X123	X124	X125	X126	X127	X128	X129	X13	X130	X131	X132	X133	X134	X135	X136	X137	X138	X139	X14	X140	X15	X16	X17	X18	X19	X2	X20	X21	X22	X23	X24	X25	X26	X27	X28	X29	X3	X30	X31	X32	X33	X34	X35	X36	X37	X38	X39	X4	X40	X41	X42	X43	X44	X45	X46	X47	X48	X49	X5	X50	X51	X52	X53	X54	X55	X56	X57	X58	X59	X6	X60	X61	X62	X63	X64	X65	X66	X67	X68	X69	X7	X70	X71	X72	X73	X74	X75	X76	X77	X78	X79	X8	X80	X81	X82	X83	X84	X85	X86	X87	X88	X89	X9	X90	X91	X92	X93	X94	X95	X96	X97	X98	X99
c:Apusomonadidae	0	0	0	0	0	0	0	0	0	0	0	0	0	0	0	0	0	0	0	0	0	0	0	0	0	0	0	0	0	0	0	0	0	0	0	0	0	0	7	0	0	0	0	0	0	0	0	0	0	4	0	0	0	0	0	0	0	0	0	0	0	0	0	5	4	0	0	0	0	0	0	0	0	0	7	0	0	0	0	0	2	0	0	0	0	0	0	0	0	4	0	0	0	0	0	0	0	0	0	0	0	0	0	0	0	0	0	0	0	0	0	0	0	0	0	12	0	0	0	0	0	0	0	0	0	0	0	0	0	0	0	0	0	0	0	0	0	0	0	0
c:Bacillariophyceae	163	17	0	0	49	0	0	0	76	32	0	0	11	0	0	339	0	0	0	0	0	0	33	41	0	0	84	0	0	0	0	0	193	0	34	36	61	35	50	205	0	98	0	0	0	14	0	27	23	18	33	38	305	43	20	119	72	31	44	34	31	33	68	299	142	7	44	83	15	35	50	22	60	39	313	107	84	38	60	90	223	11	73	16	29	244	37	78	116	45	47	31	56	72	29	0	310	0	56	196	43	58	60	70	6	69	46	36	416	0	0	0	140	782	119	36	0	132	63	7	161	0	45	0	46	25	0	0	449	84	0	0	15	0	19	0	0	0	37	113
c:Bangiophyceae	0	0	0	0	0	0	0	0	0	0	0	0	0	0	0	0	0	0	0	0	0	0	0	0	0	0	0	0	0	0	0	0	0	0	0	0	0	0	0	0	0	0	0	0	0	3	0	4	0	0	4	0	13	0	0	0	0	0	0	0	0	0	0	16	0	0	0	0	0	0	0	0	0	0	23	0	0	0	0	0	0	0	0	0	0	22	0	0	0	0	0	0	0	0	0	0	12	0	0	0	0	0	0	0	0	0	0	7	0	230	0	0	0	0	0	0	24	0	5	0	0	0	0	0	0	0	0	0	0	22	0	0	0	0	0	0	0	0	0	0
c:Bicoecea	147	104	1240	2006	2358	2406	3509	1247	2536	576	1027	1611	45	3260	1605	3081	1299	3322	2140	669	2484	608	959	75	1488	1340	1594	1226	1833	1632	614	327	364	711	34	1182	564	764	480	255	345	61	113	299	0	33	0	111	128	213	220	193	83	121	83	105	59	25	48	55	67	49	154	108	262	246	163	593	445	269	252	116	241	123	66	257	50	117	67	115	344	153	153	191	97	68	89	174	121	135	230	111	422	260	3	17	87	52	85	253	17	63	8	17	27	32	56	132	248	315	321	574	471	788	1562	1670	2051	376	83	145	512	604	19	622	374	48	652	1326	1076	83	964	2345	1327	1503	829	556	728	414	286	73
c:Bolidophyceae	0	0	0	0	0	0	19	32	0	4	0	0	0	10	15	0	0	0	37	0	48	17	25	0	47	42	47	39	48	0	0	30	8	0	0	35	31	0	0	0	0	0	0	0	0	0	0	0	0	0	0	0	0	0	0	0	0	0	0	0	0	0	0	0	0	0	0	0	0	0	0	0	0	0	0	2	0	0	0	0	0	0	6	0	0	0	0	0	0	0	0	0	0	0	0	0	0	0	0	0	0	0	0	0	0	0	0	0	0	0	0	28	30	20	0	12	21	0	0	0	0	10	0	14	0	0	0	42	18	0	3	11	0	0	0	0	16	0	0	0
c:Chlorodendrophyceae	9	70	0	0	0	0	0	0	0	43	0	0	20	0	0	0	0	0	0	0	0	0	0	0	267	293	0	0	0	0	0	0	64	70	0	10	111	171	0	11	0	51	0	0	0	0	0	0	30	0	40	17	12	0	329	707	143	661	101	217	59	0	54	0	60	92	14	22	10	40	91	167	49	70	0	18	24	24	0	24	22	25	129	156	138	0	118	106	155	187	0	64	56	26	69	93	16	50	28	322	177	100	42	32	0	25	30	38	8	0	0	0	0	37	0	91	0	810	123	0	118	0	0	0	0	0	0	0	0	106	20	138	26	418	96	0	54	0	0	152
c:Chlorophyceae	654	290	1878	727	2889	0	186	66	67	138	54	50	53	232	6	561	2151	4108	4725	5961	10147	16480	11918	34	7718	6048	13423	6445	15656	2700	122	28	222	78	31	0	241	160	139	113	191	300	0	96	0	178	0	181	358	318	469	169	1953	134	290	722	429	452	446	493	226	125	585	1310	696	826	435	752	273	270	509	277	524	345	694	585	260	376	283	611	533	678	617	742	821	1139	612	699	421	971	1025	398	261	117	252	64	1164	38	22	531	223	364	216	234	156	319	294	402	893	293	87	11	449	488	326	599	98	1063	948	18	398	27	454	95	177	826	118	391	929	942	443	2308	110	4607	1248	559	1184	344	749	947
c:Choanoflagellatea	942	206	0	45	0	72	0	0	0	0	0	21	108	158	0	0	0	0	0	39	36	86	0	101	133	0	46	51	17	59	0	0	0	0	59	71	77	0	17	20	0	237	60	68	0	113	0	137	57	115	85	48	221	120	233	298	386	145	151	136	105	31	85	298	82	74	42	147	58	63	105	64	162	87	326	154	93	158	136	122	183	77	132	321	128	338	141	219	319	528	619	295	1512	528	21	42	252	44	126	284	52	152	224	248	319	578	743	366	1245	16	31	16	0	147	110	196	30	188	275	47	38	0	107	60	0	63	0	143	0	665	51	26	60	38	0	55	0	0	35	48
c:Chrysophyceae	816	2123	3308	10830	2413	2105	1471	972	1130	234	767	428	969	1293	1362	5040	3382	13273	12725	4647	8940	4020	4483	1606	9037	8738	6399	9707	10706	10098	5161	4147	741	1584	1093	6982	5054	3237	4335	5437	3307	552	5997	4437	0	445	0	665	587	872	1147	667	1592	1555	1383	2012	2142	562	907	804	686	237	1443	907	980	1201	1129	1416	763	656	784	1031	837	661	1453	2015	751	585	490	418	1021	627	358	334	191	2222	281	186	162	433	545	188	615	357	42	106	1998	39	82	362	108	273	316	392	713	981	937	1376	1639	5935	2723	9411	7130	6384	6292	4456	4659	1694	1835	2130	1700	2170	231	1471	1284	198	2948	6963	7210	1736	9344	5355	7522	4438	4451	2653	8609	2516	1702	631
c:Colpodea	0	0	0	0	0	0	0	0	0	0	0	0	0	0	0	0	0	0	0	0	0	0	0	0	0	0	0	0	0	0	0	0	0	0	0	0	0	0	0	0	0	0	0	0	0	13	0	0	0	11	0	0	0	0	0	63	9	0	0	0	0	0	32	3	0	21	6	0	0	0	0	3	0	0	5	0	0	0	0	0	0	0	0	0	0	0	7	0	0	0	0	0	0	0	0	0	0	2	0	0	0	0	0	0	0	0	0	9	23	0	0	0	0	144	0	66	0	0	0	0	0	0	0	10	0	0	0	0	0	0	0	0	0	0	0	0	0	0	0	43
c:Colpodellidea	20	66	0	355	515	25	72	78	679	69	19	0	58	386	28	0	0	0	0	0	165	70	0	79	1010	484	0	0	0	207	116	0	0	532	86	968	1101	1118	1118	3555	850	551	974	291	0	28	0	10	62	0	81	77	201	62	152	789	233	53	97	163	47	77	184	42	55	21	265	580	525	115	274	377	192	173	45	250	145	192	103	51	24	16	13	5	13	10	24	21	60	53	11	0	40	58	14	43	117	73	144	699	204	557	640	432	673	376	278	49	96	0	0	434	208	51	0	0	0	119	33	0	48	336	8	0	36	23	0	7	0	60	42	0	66	15	0	0	0	0	88	13
c:CONTH_4	0	185	0	93	0	0	0	0	72	0	0	0	168	0	0	178	0	0	0	0	23	0	0	391	0	0	0	0	53	0	0	112	132	0	100	0	0	0	12	0	0	22	0	0	0	26	0	31	113	142	169	216	94	203	207	198	64	114	60	104	59	55	151	95	50	39	144	242	222	193	216	668	291	234	118	130	181	205	80	68	218	108	24	30	5	73	33	0	11	72	31	178	11	16	108	34	88	46	62	98	28	16	13	6	0	3	0	81	0	14	22	0	42	0	0	86	0	43	36	36	0	37	10	0	42	33	0	0	0	51	0	0	9	32	0	0	0	0	0	11
c:CONTH_5	16	39	0	106	0	41	0	0	0	0	0	0	66	0	0	0	0	0	0	0	30	0	38	99	0	0	0	0	0	0	0	0	0	0	4	53	0	0	0	36	0	0	64	0	0	11	0	55	117	187	74	91	25	278	278	1183	157	99	35	224	166	304	383	60	26	49	528	474	970	38	8	0	5	0	115	0	0	0	0	0	0	25	56	18	66	90	42	38	3	46	23	48	38	97	34	51	202	23	190	154	34	0	14	0	0	14	0	40	8	0	0	0	0	25	0	13	18	21	68	19	0	11	13	15	52	57	0	0	0	65	43	626	26	32	0	0	0	0	94	14
c:CONTH_7	0	0	0	0	0	0	0	0	0	0	0	0	0	0	0	0	0	242	0	0	0	0	0	0	0	0	0	0	0	0	0	0	37	0	0	0	0	0	23	47	0	0	85	0	0	0	0	0	0	0	0	377	0	0	71	344	37	145	82	233	97	259	719	0	326	0	0	0	0	0	0	0	0	0	0	0	0	0	0	0	0	0	0	0	0	328	303	160	0	498	0	0	138	229	36	116	510	104	1254	355	236	106	304	240	252	11	102	278	0	0	0	0	0	8	0	0	0	0	0	0	0	0	0	0	0	0	0	0	0	0	0	0	0	0	0	0	56	0	0	0
c:CONThreeP	194	1666	111	40	494	87	229	36	46	59	35	8	891	93	10	0	133	103	343	276	640	760	870	923	1197	2936	1413	1813	8230	215	733	639	423	150	404	138	61	0	177	222	133	180	0	0	0	145	0	375	1295	1227	1262	1639	242	1315	1568	1330	423	3597	2503	1049	634	624	884	560	2574	778	622	588	518	412	550	1601	761	584	1156	680	459	421	161	382	2820	2197	721	1437	2305	1715	2804	2500	3444	4446	5724	4754	1152	1684	1571	725	916	1230	489	657	157	357	170	180	89	53	92	743	236	0	274	47	535	239	448	459	29	1421	483	723	66	129	77	112	260	300	7	123	2261	504	322	224	126	2166	772	435	136	345	131	1390
c:Coscinodiscophyceae	78	220	60	0	0	59	136	0	0	0	24	0	63	120	8	189	0	0	0	0	0	0	0	187	0	0	0	0	0	0	0	0	152	0	144	0	81	86	117	14	0	33	0	0	0	38	0	32	10	16	82	7	146	176	67	24	10	13	3	33	6	7	89	34	627	203	30	15	22	117	40	159	94	185	31	96	113	237	115	67	96	25	121	88	50	16	7	196	46	134	15	31	13	50	66	13	155	0	15	153	36	37	35	9	12	43	38	117	156	0	0	0	0	0	66	127	0	1425	25	27	1284	104	177	0	6	104	0	0	1138	25	23	0	23	20	0	0	99	0	37	817
c:Cryptophyceae	2792	4018	822	5527	1967	2154	1651	925	1579	531	1736	702	4396	4073	3295	10158	909	960	2213	550	1054	725	682	5084	1965	1728	743	1131	1878	4313	669	1534	2510	2716	4968	4453	2940	1952	2037	3449	1155	4675	740	478	0	2155	0	2982	5193	5713	7391	12382	13113	14046	11012	11247	7490	7673	4977	6099	4353	5316	9385	6219	6274	4189	7829	17638	9288	4619	8167	6389	8506	10798	5407	10259	3744	4751	3625	3162	14917	4647	6934	6516	9970	4261	9858	6042	6477	7762	3960	4911	10527	4195	4249	5009	3818	4635	7130	20070	5969	8728	5100	4855	4419	3473	3384	4163	3640	625	171	2245	1108	1697	977	5758	3684	4607	7417	529	6965	680	1972	907	162	2880	1831	2960	5825	4433	1672	1761	781	1233	1143	440	1111	687	1071	6650
c:Dermocystida	0	0	0	0	0	0	27	14	0	0	0	0	0	0	0	0	0	0	94	85	49	0	0	0	0	0	0	388	29	0	145	0	0	0	0	0	0	0	0	0	0	0	0	0	0	0	0	0	0	0	0	0	0	0	0	0	0	0	0	0	0	0	0	0	0	0	0	8	4	0	0	0	0	0	0	0	0	0	0	0	0	0	0	4	0	0	0	0	0	0	2	0	0	0	0	0	0	0	0	0	0	0	0	0	0	0	0	0	0	0	0	0	44	46	168	0	0	14	0	0	0	10	0	35	0	0	0	0	0	0	0	0	24	0	16	0	0	0	0	15
c:Dictyochophyceae	120	111	0	0	0	21	0	14	145	0	20	0	150	131	0	0	94	0	0	0	0	0	0	216	0	0	0	0	0	0	0	0	0	0	97	0	0	0	0	0	0	0	0	0	0	20	0	48	87	100	131	115	93	71	64	58	62	33	104	39	34	37	80	14	55	7	78	156	77	25	55	96	71	81	0	91	18	36	34	12	25	6	16	38	14	40	35	3	7	9	8	10	5	7	0	6	66	4	0	15	0	0	0	0	0	0	0	85	196	99	0	0	35	0	67	44	54	138	91	16	51	17	7	0	0	29	22	0	0	60	0	0	0	0	0	0	0	0	0	31
c:Dinophyceae	0	11	0	0	57	0	75	0	0	0	0	0	0	0	0	0	0	0	0	0	0	0	0	78	4	0	0	0	0	0	0	0	0	0	44	23	0	19	0	9	0	3	54	0	0	0	0	7	14	35	59	28	33	20	23	48	0	8	4	24	3	0	19	14	0	4	2	15	6	7	38	61	74	17	0	49	15	0	0	0	38	0	0	0	3	0	9	7	0	0	36	4	0	0	0	18	0	12	33	28	8	0	5	3	0	0	0	0	0	0	0	0	0	3	0	14	0	0	7	0	78	0	0	14	0	16	0	0	4	0	0	0	0	0	46	0	0	0	0	0
c:Echinamoebida	0	0	0	0	0	0	0	45	0	0	0	0	0	0	3	0	0	0	0	65	0	0	0	0	0	0	0	0	166	0	0	0	0	0	6	0	0	0	0	0	0	0	0	0	0	0	0	0	3	0	0	0	0	0	0	25	12	6	0	5	0	0	0	0	0	0	0	0	0	13	0	0	0	0	0	0	0	2	4	0	0	0	0	17	0	5	13	0	14	7	0	4	32	31	18	0	0	0	17	0	0	0	0	0	0	0	2	0	0	0	0	0	0	0	0	0	0	0	0	0	0	0	0	0	0	0	0	0	0	0	0	269	18	0	0	0	0	54	0	0
c:Elardia	0	0	0	0	0	0	0	0	0	0	0	0	0	0	0	0	0	0	0	0	0	0	0	0	0	0	0	0	0	0	0	0	0	0	0	0	0	0	0	0	0	2	0	0	0	0	0	0	0	0	0	0	0	0	0	0	0	0	0	0	0	0	0	0	0	0	0	0	0	0	0	0	4	3	12	0	0	9	4	24	10	0	0	6	0	0	0	0	4	3	0	0	0	0	4	0	0	2	0	0	4	0	0	0	0	117	4	0	16	0	0	0	0	0	0	0	0	0	0	0	0	0	0	0	0	0	0	0	0	0	0	0	0	0	0	0	0	0	0	0
c:Endomyxa	0	0	0	0	56	181	0	60	0	0	0	0	0	47	23	321	342	0	90	0	10	0	36	0	9	179	0	37	0	137	253	59	109	0	0	0	0	0	22	122	0	369	151	40	0	765	0	102	76	357	28	17	6	6	0	0	4	0	0	0	0	0	613	0	88	52	51	97	54	43	88	0	0	0	0	17	11	4	25	32	33	7	29	22	56	0	24	30	5	14	26	14	137	83	11	13	15	0	8	36	7	0	59	117	281	388	236	0	57	48	0	30	0	29	0	14	0	0	0	0	22	0	681	129	73	237	28	118	178	0	0	0	0	51	13	67	0	0	43	21
c:Eustigmatophyceae	7	2	75	0	0	0	0	0	0	0	0	0	0	0	0	0	0	0	0	0	0	0	0	0	0	0	0	0	0	0	0	0	0	0	0	0	10	0	0	0	0	0	0	0	0	0	0	0	7	4	0	18	16	2	0	0	0	0	0	0	0	0	0	34	0	12	4	8	2	0	0	0	0	0	6	0	0	0	0	0	0	0	0	0	0	22	0	0	0	0	0	0	0	0	0	0	5	0	0	0	0	0	0	0	0	0	0	3	2	0	0	0	9	0	0	0	0	6	0	0	0	0	0	0	31	5	0	0	0	12	0	0	8	0	0	0	0	0	55	3
c:Filosa-Granofilosea	0	0	0	0	0	0	0	0	0	0	0	0	0	116	0	0	0	0	0	0	0	0	28	0	0	0	0	0	0	0	0	0	0	0	0	0	0	0	0	0	0	0	0	0	0	0	0	0	0	0	0	0	0	0	0	0	0	0	0	0	0	0	0	11	7	0	0	0	0	0	0	0	0	0	0	0	0	0	0	0	9	0	0	0	0	5	0	0	0	0	0	0	0	0	0	0	0	0	0	0	0	0	0	0	0	0	0	0	0	0	40	2	0	35	0	0	0	0	0	0	0	0	0	0	0	0	0	0	0	0	0	0	0	0	0	0	0	0	0	0
c:Filosa-Imbricatea	1060	324	0	0	123	44	0	304	573	17	17	85	141	0	24	0	0	0	0	244	102	30	0	385	0	0	34	189	0	239	0	0	0	0	203	34	85	53	162	545	84	271	387	97	0	34	0	120	159	309	434	282	436	836	399	291	627	120	118	102	121	115	222	445	434	172	139	1163	566	174	954	896	134	156	472	447	140	341	123	163	1210	778	1313	2514	633	366	941	1913	926	751	961	308	3860	198	50	51	537	66	541	1113	362	1003	643	294	486	466	650	440	1402	100	0	0	42	36	62	214	182	288	397	81	684	26	29	0	0	65	54	0	198	1526	90	114	20	0	9	0	174	61	130	299
c:Filosa-Sarcomonadea	0	0	104	116	0	11	0	47	0	89	18	0	0	0	0	186	0	0	0	59	0	0	0	0	99	0	159	0	40	61	0	133	67	31	0	28	0	0	0	43	0	0	0	0	0	19	0	6	0	0	13	0	63	0	10	0	7	0	19	6	7	0	27	21	7	6	22	0	30	0	19	93	0	3	7	10	5	11	0	14	0	0	14	0	0	0	0	0	4	25	0	0	15	5	0	4	0	0	0	6	0	0	8	2	3	8	7	0	16	0	0	244	91	0	255	15	7	0	0	0	0	0	10	0	19	0	40	0	0	14	0	61	0	34	80	0	31	0	148	0
c:Filosa-Thecofilosea	159	82	0	73	233	0	28	0	0	64	21	0	61	0	8	0	0	0	0	0	0	0	0	354	0	0	0	0	0	0	0	0	0	0	140	0	21	0	19	58	0	7	0	0	0	3	0	13	23	45	93	74	344	26	58	54	41	34	37	53	6	18	156	271	41	15	196	285	106	101	86	125	190	112	169	139	71	107	16	23	36	0	0	0	0	156	0	0	6	28	0	0	14	16	14	69	239	14	23	55	0	0	4	0	0	2	10	112	359	48	33	107	0	111	74	47	11	220	78	35	229	25	22	0	17	133	20	0	0	147	12	0	0	0	10	29	54	0	38	12
c:Gregarinomorphea	0	0	0	0	0	0	0	0	0	0	0	0	0	0	0	0	0	0	0	0	0	0	0	0	0	0	0	0	0	0	0	0	0	0	0	0	0	0	0	0	0	0	0	0	0	0	0	0	0	0	0	0	0	0	0	0	0	0	0	2	0	0	0	0	5	0	2	0	0	0	0	0	0	0	0	0	0	0	0	0	0	0	0	0	0	0	0	0	0	0	0	0	0	0	0	0	0	0	0	0	0	0	0	0	0	0	0	0	0	0	0	0	0	0	0	0	0	0	0	0	0	0	0	0	0	0	0	0	0	0	0	0	0	0	0	0	0	0	0	0
c:Heterotrichea	0	0	0	0	0	0	0	0	0	0	0	0	0	0	0	0	0	0	0	0	0	0	0	0	0	0	0	0	0	0	0	0	0	0	0	0	0	0	0	25	0	0	19	0	0	0	0	0	0	0	0	0	0	11	0	0	5	13	0	0	8	0	16	0	15	0	31	37	34	6	0	0	0	0	0	0	0	0	0	0	0	0	0	0	0	0	0	0	0	0	0	0	0	0	0	0	0	0	0	0	0	0	25	10	0	14	13	0	0	22	0	0	0	0	0	0	0	0	0	0	0	0	0	0	0	0	0	0	22	0	0	0	0	0	0	0	0	0	0	0
c:Ichthyophonida	18	14	0	0	0	0	0	0	0	0	0	0	0	0	0	0	0	0	0	0	0	0	0	0	0	0	0	0	0	0	0	0	0	0	1	0	0	0	0	0	0	8	0	0	0	0	0	0	9	0	0	0	0	0	0	10	0	0	6	6	0	5	63	0	0	0	46	84	113	15	20	18	8	6	0	17	16	47	4	0	0	0	36	22	0	0	18	26	4	40	64	53	31	33	0	0	16	0	0	0	0	0	0	0	0	9	0	0	83	0	0	0	0	0	0	0	0	0	0	0	0	0	0	0	0	0	0	0	228	9	0	0	0	0	0	0	0	0	0	0
c:Kathablepharidea	75	244	0	0	164	0	169	0	0	44	21	0	191	0	0	0	0	0	0	0	0	0	21	446	209	176	0	0	80	0	0	0	0	179	184	0	89	56	0	19	0	75	0	0	0	191	0	131	436	567	848	386	103	244	1354	1599	633	189	265	355	297	191	616	108	232	367	300	1805	1205	1490	1711	2553	1741	985	108	1991	767	767	283	353	974	303	173	162	105	140	120	148	162	519	287	171	297	355	96	118	281	131	179	657	60	131	47	67	53	34	27	431	226	0	0	0	0	121	0	175	0	244	211	71	209	0	155	49	50	314	98	54	0	75	79	73	0	0	0	0	0	0	0	282
c:Litostomatea	0	0	0	0	0	0	0	0	0	0	0	0	0	0	0	0	0	0	0	0	0	0	0	0	0	0	0	0	0	0	0	0	0	0	0	0	0	0	0	0	0	0	0	0	0	0	0	0	0	0	0	0	0	6	7	5	0	2	0	2	0	0	10	0	0	0	12	0	5	0	0	0	0	0	0	0	0	0	0	0	0	0	0	0	0	0	0	3	0	0	0	0	0	0	0	0	0	0	0	0	0	0	0	0	0	0	0	0	0	0	3	0	0	0	0	0	0	0	0	0	0	0	0	0	0	0	0	0	0	0	0	0	0	0	0	0	0	0	0	0
c:Mamiellophyceae	16	7	161	294	137	126	7	109	20	53	66	120	0	575	58	242	0	836	1021	780	383	216	98	24	475	0	210	0	0	227	193	0	0	0	25	100	16	66	81	75	0	0	0	0	0	0	0	0	40	22	70	34	0	46	50	94	20	12	21	0	0	0	14	25	18	26	13	46	36	0	16	0	0	17	52	19	0	7	0	9	127	80	43	135	28	36	63	35	0	0	0	0	66	24	5	0	74	0	0	0	0	0	0	0	0	0	0	36	60	451	130	436	331	342	364	284	75	24	10	40	241	229	0	25	156	4	94	502	270	0	445	870	304	220	293	57	796	0	0	16
c:Mediophyceae	5147	4247	28	243	569	0	1523	214	137	1224	607	1272	2485	2028	83	13653	2245	326	177	729	63	351	564	1317	898	1614	0	0	664	0	49	70	1971	269	1044	94	827	812	1149	4689	2123	16476	1930	504	0	5571	0	4748	1677	2772	2430	1143	6172	1507	906	676	1073	1995	1848	3226	1385	3348	29516	3949	3938	1973	12271	3972	1252	3187	7049	5227	7209	12757	2854	29384	9585	9895	8215	6791	5792	4024	1960	3632	1750	3473	1410	2617	3267	2587	2872	2113	1091	1539	1813	2029	5877	469	637	3952	3207	3764	5358	4848	3095	9518	10531	3548	9146	153	294	57	381	609	1093	2423	466	14955	5631	1024	1769	215	11081	829	766	6203	691	875	2563	5836	109	542	215	331	703	145	457	661	5100	4464
c:MOCH-3	0	16	0	0	164	0	0	0	0	70	40	0	0	120	33	0	0	0	0	0	68	46	0	0	461	64	0	310	0	86	0	201	301	41	0	438	221	123	98	1190	551	52	352	93	0	0	0	0	10	0	10	0	0	0	0	0	10	32	38	25	13	12	0	0	0	0	0	11	0	9	0	0	0	0	0	26	0	0	0	0	0	0	17	15	0	0	13	13	27	49	29	0	0	3	15	13	0	0	29	104	38	40	57	41	49	42	32	0	0	0	0	0	0	0	0	15	0	60	0	0	0	0	0	0	0	4	0	219	0	0	19	0	50	272	283	177	276	0	0	0
c:Nassophorea	0	0	0	0	0	0	0	0	0	0	0	0	0	0	0	0	0	0	0	0	0	0	0	0	0	0	0	0	0	0	0	0	0	0	0	0	0	0	0	0	0	0	0	0	0	0	0	0	0	0	0	0	0	0	0	0	0	0	79	0	0	68	185	0	0	0	0	0	0	0	0	0	0	0	0	0	0	0	0	0	0	0	0	0	0	0	0	0	0	0	0	0	0	0	0	0	0	0	0	0	0	0	0	22	0	18	26	0	0	0	0	0	0	0	0	0	0	0	0	0	0	0	0	0	0	0	0	0	0	0	0	0	0	0	0	0	0	0	0	0
c:Novel-clade-10-12	35	65	0	1438	812	1147	444	279	408	170	246	57	26	480	359	554	230	393	458	126	1101	385	520	43	2616	2653	506	1144	572	205	250	0	0	140	17	1678	210	86	249	461	154	37	448	482	0	16	0	32	0	22	11	9	7	25	18	32	37	2	15	12	17	19	27	0	10	24	58	274	124	94	72	108	15	20	17	21	0	19	3	7	27	21	26	76	29	0	44	35	41	48	38	9	41	20	0	0	14	4	0	26	4	16	14	20	43	51	47	27	77	0	0	161	248	197	384	376	422	131	11	52	130	280	14	110	0	4	128	164	322	14	267	75	167	166	204	14	378	814	110	10
c:Oligohymenophorea	18	500	99	33	162	83	137	28	337	0	0	0	238	312	17	298	344	0	0	0	114	0	0	539	0	0	59	34	499	47	116	458	162	0	231	295	232	168	114	343	82	228	141	0	0	275	0	235	1854	334	463	160	26	283	354	62	239	318	87	3056	3119	6298	3975	42	179	153	708	539	2443	398	148	139	66	90	87	64	43	124	53	25	14	15	10	5	11	30	0	9	10	60	45	8	82	185	110	208	231	35	71	107	92	47	102	435	154	443	118	145	102	95	51	0	0	95	50	119	22	372	88	85	204	109	267	32	404	166	68	55	1855	111	23	0	64	71	32	261	339	2428	441	33
c:Opalozoa	238	210	189	691	47	377	102	396	803	87	91	212	69	810	874	2665	679	1060	498	340	1702	193	655	152	2928	4866	2430	780	984	1680	1759	1218	186	603	87	1949	2164	284	947	1556	307	195	562	652	0	62	0	77	134	263	290	161	190	197	164	291	221	105	135	143	68	71	300	250	106	88	166	175	102	63	191	150	94	67	305	234	75	133	104	188	228	127	223	322	64	435	220	311	233	644	247	112	427	472	48	41	405	131	100	446	60	87	114	174	166	124	128	164	434	1523	1156	571	1346	843	319	420	583	272	121	163	296	132	42	144	309	104	359	1577	546	145	565	305	436	674	372	89	235	303	474	77
c:Pedinophyceae	0	0	0	50	0	0	0	0	0	0	0	0	0	0	0	0	0	0	0	0	0	0	0	0	0	0	0	0	0	0	0	0	0	0	0	0	0	0	0	0	0	0	0	0	0	0	0	0	0	0	0	0	0	0	0	0	0	0	0	0	0	0	17	0	9	11	9	0	0	0	0	0	0	0	0	0	0	0	0	0	0	0	0	0	0	0	0	0	0	0	0	0	0	0	0	0	5	0	0	0	0	0	0	0	0	0	0	0	0	0	0	0	0	89	0	10	0	0	0	0	0	0	0	0	0	0	0	0	0	0	0	0	0	0	0	0	0	0	0	0
c:Perkinsida	281	1060	4178	6444	4379	7400	26551	14490	21313	17620	20158	20857	45	38820	15430	16727	3518	1283	131	67	380	223	277	1206	60	879	3654	1386	781	12612	23524	22766	17111	8685	1122	8979	4375	1411	2387	1568	2826	175	2921	1817	0	747	0	528	963	1239	391	576	254	254	230	140	190	82	173	319	214	383	1847	223	359	160	559	955	508	2619	2250	2902	2821	2708	180	2168	1112	1171	217	76	56	8	26	12	41	495	62	9	9	95	50	35	549	1203	303	173	349	138	66	105	38	53	89	105	174	120	113	187	692	10266	11652	5780	8358	5043	2614	5508	6117	1591	152	786	8678	13499	438	10313	12180	176	5535	21729	10036	272	4768	3728	2783	3322	4831	7504	5641	7329	13942	153
c:Peronosporomycetes	468	275	84	23	408	60	98	52	0	23	44	0	52	205	35	1287	148	0	0	0	0	39	0	92	0	0	0	10	0	0	0	94	0	26	75	78	149	0	205	522	227	588	239	49	0	0	0	93	157	289	74	84	166	197	185	360	203	97	232	208	43	171	70	258	59	83	102	252	153	88	55	46	290	155	421	380	201	416	374	595	214	79	26	27	0	343	21	19	2	16	8	9	19	59	8	7	205	0	23	183	31	188	408	385	182	167	148	53	894	103	0	172	90	127	0	6	118	496	72	55	74	30	34	0	43	174	0	68	68	79	0	63	403	23	191	11	0	44	0	27
c:Phyllopharyngea	0	0	0	0	0	0	0	0	0	0	0	0	0	0	0	0	0	0	0	0	0	0	0	0	0	0	45	48	0	0	0	0	115	0	3	0	31	70	56	143	444	243	0	107	0	442	0	169	7	57	15	0	0	0	5	64	36	25	0	8	3	18	18	3	0	193	0	20	0	3	38	0	0	0	0	0	8	0	22	8	13	0	0	0	0	0	0	0	19	153	37	11	17	49	0	74	9	0	0	0	8	26	30	268	136	96	197	10	0	0	0	27	0	10	0	0	42	0	0	0	0	0	270	175	0	112	0	0	0	9	0	0	0	0	0	0	0	0	0	0
c:Pirsoniales	0	0	441	0	0	0	0	37	313	21	78	0	0	0	57	583	0	0	0	176	0	0	0	0	0	37	0	21	0	0	0	0	0	0	0	41	0	0	16	114	0	32	33	247	0	19	0	31	6	21	21	0	0	0	0	0	0	0	0	0	0	0	0	0	22	98	0	13	0	2	42	62	18	9	0	8	4	12	5	0	0	0	0	5	3	0	18	0	0	12	8	4	0	0	8	0	0	0	0	22	0	21	10	31	37	32	41	0	0	0	0	0	0	0	0	0	0	0	0	0	0	0	14	6	0	7	38	0	0	0	91	0	0	0	13	0	0	0	0	25
c:Prostomatea	40	37	0	0	56	0	12	0	0	19	0	0	24	0	0	0	0	0	0	0	0	0	0	3	0	0	0	0	0	106	0	52	121	0	2	0	0	0	0	0	0	12	0	0	0	45	0	19	22	45	45	54	245	41	44	55	20	50	20	93	42	38	72	60	0	6	75	57	63	10	55	186	54	39	59	0	13	26	0	12	0	15	31	0	0	0	24	23	0	10	8	18	51	16	81	38	31	15	43	26	0	0	0	4	0	5	0	57	46	0	64	0	0	0	0	21	6	0	38	0	0	0	14	16	0	13	0	0	0	0	32	61	0	0	0	0	27	0	0	0
c:Prostomatea_1	0	0	0	0	0	0	0	0	0	0	0	0	0	0	0	0	0	0	0	0	0	0	0	0	0	0	0	0	0	0	0	0	0	0	0	0	0	0	0	0	0	0	0	0	0	2	0	0	0	0	7	0	0	0	0	0	0	0	0	11	0	0	28	0	0	4	16	11	27	26	0	0	7	0	0	5	0	0	0	0	0	0	0	0	0	0	0	0	0	0	0	0	0	0	0	0	0	0	0	0	0	7	0	0	3	0	0	0	0	0	0	0	0	0	0	0	0	0	5	0	0	0	0	0	0	0	0	0	0	6	0	0	0	0	0	32	0	0	0	0
c:Prostomatea_3	0	0	0	0	0	0	0	0	0	0	0	0	0	0	0	0	0	0	0	0	0	0	0	0	0	0	0	0	0	0	0	0	0	0	0	0	0	0	0	0	0	0	49	0	0	0	0	0	0	0	0	0	0	0	0	0	0	0	0	0	0	0	0	0	0	0	0	0	0	0	0	0	0	0	10	0	0	0	0	0	0	0	0	0	0	0	0	0	0	0	0	0	0	0	0	0	0	0	0	0	0	0	0	0	0	0	0	0	0	0	0	0	0	0	0	0	0	0	0	0	0	0	0	0	0	0	0	0	0	0	0	0	0	0	0	0	0	0	0	0
c:Prymnesiophyceae	0	0	0	0	0	0	4	0	0	0	0	0	0	0	0	0	0	0	0	0	0	0	0	0	0	0	0	0	0	0	0	0	0	0	0	0	0	0	0	0	0	0	0	0	0	0	0	0	0	0	0	0	0	0	0	0	0	0	0	0	0	0	0	0	0	0	0	0	0	0	0	0	5	0	0	0	0	0	0	0	0	0	0	0	0	0	0	0	0	0	0	0	0	0	0	0	0	0	0	0	0	0	0	0	0	0	0	0	0	0	0	0	0	0	0	0	0	0	0	0	0	0	0	0	0	0	0	0	0	0	0	0	0	0	0	0	0	0	0	0
c:Pterocystida	0	0	0	0	0	0	0	0	0	0	0	0	14	0	0	0	0	0	0	0	0	0	0	151	0	0	0	0	0	0	0	0	0	0	49	0	0	0	0	101	0	84	0	0	0	8	0	14	8	3	0	3	0	0	3	0	0	0	0	3	14	0	28	0	0	0	0	0	0	0	0	8	0	0	0	0	0	0	0	0	0	0	0	0	0	0	0	0	0	0	0	0	17	17	52	39	5	0	6	6	12	32	28	38	40	98	104	0	12	0	0	0	0	0	0	0	0	0	0	0	456	0	0	0	0	7	0	0	0	0	0	0	0	0	0	0	0	0	0	0
c:Sagenista	0	21	0	0	0	0	0	23	0	0	0	0	11	0	14	0	0	0	0	0	0	0	0	75	0	0	0	0	0	0	0	0	0	0	12	0	0	0	0	0	0	11	0	0	0	0	0	3	12	7	9	13	0	7	5	7	0	0	6	0	0	10	4	13	7	7	13	29	0	0	31	0	16	16	0	0	0	13	13	9	8	0	0	0	6	0	0	0	0	0	0	0	0	0	0	0	0	0	0	0	0	0	0	0	9	3	8	0	0	0	0	0	0	19	0	0	0	42	0	0	0	0	0	0	0	10	0	0	0	0	0	0	0	0	0	0	0	0	0	6
c:Spirotrichea	1623	9126	5803	2680	4733	948	376	476	4626	2354	393	1248	6784	3607	438	8761	4171	2389	1632	1323	1912	2785	3155	12294	1063	1344	828	903	19555	822	573	6970	17387	16415	9438	4165	2458	14620	12299	13764	5854	4854	2169	1570	0	3593	0	7508	5798	6687	10307	6681	3481	6152	5522	6304	3296	7504	5059	5067	2867	3468	9550	8125	13536	9675	5913	12989	6826	3247	5796	9078	3998	8852	8692	6886	3809	3555	2725	5488	9101	8903	6848	7880	6683	6906	6663	6404	4155	10933	7501	9053	3543	1939	8177	5363	6480	10212	8868	7259	7308	6885	7505	6277	1684	1887	3140	5334	2489	4909	10303	1704	2002	3514	9549	5185	8833	9716	4142	14533	2546	4443	2857	11301	10767	2988	1661	4666	1030	4480	1597	3876	1238	7807	3027	2624	2126	6261	3590	12071
c:Synchromophyceae	0	0	67	0	0	0	0	0	0	0	0	0	0	0	0	0	0	19	27	0	0	0	48	0	108	0	0	0	168	27	32	0	0	0	0	0	0	0	74	36	155	9	188	145	0	0	0	0	0	11	0	0	0	0	0	0	0	0	0	0	0	0	0	0	9	15	0	0	0	0	0	0	0	0	9	0	0	0	0	0	0	0	0	0	0	4	0	0	0	0	0	0	0	0	0	0	7	0	0	0	0	0	0	0	0	4	4	0	0	0	29	162	248	82	139	41	0	0	0	0	0	33	0	29	52	0	63	222	0	0	178	376	92	19	0	0	77	0	0	12
c:Trebouxiophyceae	28	0	0	0	88	0	0	31	0	0	11	9	0	0	0	533	72	0	0	43	0	0	0	0	0	0	0	0	0	0	0	0	137	0	0	0	58	0	37	281	225	575	261	110	0	125	0	65	74	64	41	35	70	26	3	8	7	25	36	54	4	7	79	74	168	73	24	95	27	23	15	17	61	67	29	172	31	54	58	23	54	9	22	29	4	94	0	0	0	0	0	0	0	17	0	32	32	26	24	119	101	178	95	132	114	324	170	25	46	0	24	173	124	58	70	73	60	125	44	0	19	0	222	60	74	335	75	187	157	16	23	114	5	36	903	10	0	0	272	97
c:Ulvophyceae	0	0	0	0	0	0	0	0	0	0	0	0	0	0	0	0	0	0	0	0	0	0	0	0	0	0	0	0	0	0	0	0	0	0	0	0	0	0	0	0	0	0	0	0	0	0	0	0	0	0	0	0	0	0	0	0	0	0	0	0	0	0	0	0	0	0	0	0	0	0	0	0	0	0	0	0	0	0	0	0	7	0	0	0	0	0	0	0	0	0	0	0	0	0	0	0	5	0	0	0	0	0	0	0	0	0	0	0	0	0	0	0	0	0	0	0	0	0	0	0	0	0	0	0	0	0	0	0	0	0	0	0	0	0	0	0	0	0	0	0
c:Variosea	0	0	0	0	0	0	0	0	0	0	0	0	0	0	0	0	0	0	0	0	0	0	0	0	0	0	33	93	0	0	0	0	0	0	0	0	0	0	14	0	0	0	0	0	0	0	0	0	0	0	0	0	19	0	0	3	9	0	0	0	0	0	0	0	0	0	0	0	86	0	0	20	3	0	0	3	0	12	8	30	12	5	0	3	0	0	6	0	7	11	0	8	0	28	0	5	12	0	7	0	0	0	0	15	12	15	27	0	0	0	0	0	0	4	0	0	0	0	0	0	0	0	0	0	0	0	0	0	0	0	0	0	35	0	0	0	0	0	0	0
Unclassified	3423	731	818	1793	952	1274	940	360	1137	630	280	626	882	866	440	822	405	772	1042	1161	1329	3057	2566	2540	1553	2288	2643	1132	2612	2099	1728	1713	111	44	732	208	135	232	218	1148	504	212	63	87	0	141	0	310	422	651	668	660	692	748	905	1293	620	848	1476	1603	765	424	1005	622	427	420	602	1148	1045	427	877	1682	936	627	534	2123	506	497	323	285	551	266	373	449	328	606	838	353	275	569	541	542	580	465	244	183	738	259	250	365	63	74	152	148	159	115	163	606	5889	400	214	219	491	2199	1274	1338	2163	847	669	1544	1423	1590	172	200	805	264	1111	2026	636	1680	2033	2491	707	3266	2381	1400	3201	844	957	384
