Group.1	X1	X10	X100	X101	X102	X103	X104	X105	X106	X107	X108	X109	X11	X110	X111	X112	X113	X114	X115	X116	X117	X118	X119	X12	X120	X121	X122	X123	X124	X125	X126	X127	X128	X129	X13	X130	X131	X132	X133	X134	X135	X136	X137	X138	X139	X14	X140	X15	X16	X17	X18	X19	X2	X20	X21	X22	X23	X24	X25	X26	X27	X28	X29	X3	X30	X31	X32	X33	X34	X35	X36	X37	X38	X39	X4	X40	X41	X42	X43	X44	X45	X46	X47	X48	X49	X5	X50	X51	X52	X53	X54	X55	X56	X57	X58	X59	X6	X60	X61	X62	X63	X64	X65	X66	X67	X68	X69	X7	X70	X71	X72	X73	X74	X75	X76	X77	X78	X79	X8	X80	X81	X82	X83	X84	X85	X86	X87	X88	X89	X9	X90	X91	X92	X93	X94	X95	X96	X97	X98	X99
p:Alveolata-Alveolata_X	47	0	0	0	0	37	0	0	0	0	0	0	0	0	0	0	0	0	0	0	0	0	0	173	0	0	0	0	0	0	0	0	0	0	37	0	0	110	35	966	504	75	5	9	0	0	0	5	0	0	0	0	0	0	0	0	0	0	12	14	0	0	0	0	0	0	0	0	0	0	0	0	0	0	0	0	0	0	0	0	0	0	0	0	0	0	0	0	0	0	0	0	14	0	0	0	0	0	0	10	0	10	67	72	69	0	3	29	62	0	0	0	14	0	0	120	113	0	40	0	112	0	0	0	0	0	0	0	0	22	64	0	0	18	26	0	0	0	0	0
p:Alveolata-Apicomplexa	0	0	0	0	0	0	0	0	0	0	0	0	0	0	0	0	0	0	0	0	0	0	0	0	0	0	0	0	0	0	0	0	0	0	0	0	0	0	0	0	0	0	0	0	0	0	0	0	0	0	0	0	0	0	0	0	0	0	0	2	0	0	0	0	5	0	2	0	0	0	0	0	0	0	0	0	0	0	0	0	0	0	0	0	0	0	0	0	0	0	0	0	0	0	0	0	0	0	0	0	0	0	0	0	0	0	0	0	0	0	0	0	0	0	0	0	0	0	0	0	0	0	0	0	0	0	0	0	0	0	0	0	0	0	0	0	0	0	0	0
p:Alveolata-Chrompodellids	20	66	0	355	515	25	72	78	679	69	19	0	58	386	28	0	0	0	0	0	165	70	0	79	1010	484	0	0	0	207	116	0	0	532	86	968	1101	1118	1118	3555	850	551	974	291	0	28	0	10	62	0	81	77	201	62	152	789	233	53	97	163	47	77	184	42	55	21	265	580	525	115	274	377	192	173	45	250	145	192	103	51	24	16	13	5	13	10	24	21	60	53	11	0	40	58	14	43	117	73	144	699	204	557	640	432	673	376	278	49	96	0	0	434	208	51	0	0	0	119	33	0	48	336	8	0	36	23	0	7	0	60	42	0	66	15	0	0	0	0	88	13
p:Alveolata-Ciliophora	1927	11693	6013	2952	5445	1159	754	540	5081	2432	428	1256	8273	4012	476	9237	4648	2734	1975	1605	2719	3545	4120	15717	2260	4280	2345	2798	28977	1190	1422	8306	18444	16605	10307	4748	2782	14920	12687	14588	6513	5586	2527	1677	0	4552	0	8411	9418	8913	12514	9486	4168	8820	8332	10236	4511	11905	7963	9918	7095	11210	16194	8970	16723	10918	8112	15202	11522	4395	6917	11988	5284	9926	10415	7852	4530	4381	3041	5988	12166	11310	7715	9407	9077	9213	9954	9204	7664	16314	13404	14405	5047	4215	10274	6730	8556	11852	11118	8779	7901	7463	8203	7452	2323	2557	3764	6758	2941	5040	10717	1778	2579	4035	10047	5949	9090	11604	4939	15406	2884	4729	3511	11682	11525	3769	1779	4966	5168	5566	2017	4857	1547	10128	3831	3352	2684	9034	4256	13562
p:Alveolata-Dinoflagellata	0	11	0	0	57	0	75	0	0	0	0	0	0	0	0	0	0	0	0	0	0	0	0	78	4	0	0	0	0	0	0	0	0	0	44	23	0	19	0	9	0	3	54	0	0	0	0	7	14	35	59	28	33	20	23	48	0	8	4	24	3	0	19	14	0	4	2	15	6	7	38	61	74	17	0	49	15	0	0	0	38	0	0	0	3	0	9	7	0	0	36	4	0	0	0	18	0	12	33	28	8	0	5	3	0	0	0	0	0	0	0	0	0	3	0	14	0	0	7	0	78	0	0	14	0	16	0	0	4	0	0	0	0	0	46	0	0	0	0	0
p:Alveolata-Perkinsea	281	1170	4178	6444	4379	7400	26551	14490	21313	17620	20158	20857	121	38820	15430	16727	3518	1283	131	67	380	223	277	1239	60	879	3654	1386	781	12612	23524	22766	17111	8685	1140	8979	4375	1411	2387	1568	2826	175	2921	1817	0	747	0	528	983	1256	427	591	254	265	238	146	190	82	182	346	214	383	1847	223	359	160	559	960	508	2619	2250	2902	2821	2708	180	2168	1112	1171	217	76	56	8	26	12	41	495	62	9	9	95	50	35	549	1203	303	173	459	138	66	105	38	53	89	105	174	120	113	231	692	10266	11652	5780	8371	6422	2674	5645	6117	1672	152	1631	8959	14023	438	10324	12304	176	5825	21729	10036	272	4942	3728	2805	3322	4945	7734	5641	7329	13942	153
p:Ancyromonadida-Ancyromonadida_X	0	4	0	0	0	0	0	0	0	0	0	0	8	0	0	0	0	0	0	0	0	0	0	25	0	0	0	0	0	0	0	0	0	0	0	0	0	0	0	0	0	2	10	0	0	0	0	0	0	4	12	7	0	3	0	0	0	0	0	0	0	0	0	0	7	0	0	0	0	0	0	4	31	11	0	12	17	33	55	116	0	0	0	0	0	0	5	0	0	21	0	0	0	4	0	0	6	0	0	8	0	0	5	16	7	3	15	0	17	0	0	17	0	18	0	0	0	44	0	0	0	0	0	0	0	0	0	0	0	0	0	0	0	0	0	0	0	0	0	0
p:Apusomonada-Apusomonada_X	0	0	0	0	0	0	0	0	0	0	0	0	0	0	0	0	0	0	0	0	0	0	0	0	0	0	0	0	0	0	0	0	0	0	0	0	0	0	7	0	0	0	0	0	0	0	0	0	0	4	0	0	0	0	0	0	0	0	0	0	0	0	0	5	4	0	0	0	0	0	0	0	0	0	7	0	0	0	0	0	2	0	0	0	0	0	0	0	0	4	0	0	0	0	0	0	0	0	0	0	0	0	0	0	0	0	0	0	0	0	0	0	0	0	0	12	0	0	0	0	0	0	0	0	0	0	0	0	0	0	0	0	0	0	0	0	0	0	0	0
p:Centroplasthelida-Centroplasthelida_X	1416	134	0	0	0	0	0	0	0	0	0	0	532	0	0	0	0	0	0	0	0	0	0	452	0	0	0	0	0	0	0	0	0	0	169	0	16	0	0	101	0	87	0	0	0	12	0	26	80	142	225	176	30	70	117	172	87	275	307	132	61	0	144	241	0	20	38	19	5	0	0	8	54	75	34	135	98	58	38	31	83	3	42	0	0	229	18	18	12	18	11	31	69	81	87	74	159	45	22	70	12	52	30	38	40	98	112	227	2810	0	0	0	22	0	0	0	85	124	202	95	511	17	32	0	0	51	0	0	0	723	0	96	0	0	12	0	0	0	0	30
p:Chlorophyta-Chlorophyta_X	710	367	2407	1378	3114	126	193	206	87	234	131	179	73	810	64	1336	2472	5248	6299	7495	11520	19288	14216	58	9510	7997	16155	7119	17395	3769	469	28	423	148	56	110	426	397	269	494	416	943	261	245	0	306	0	246	504	410	621	262	2037	211	694	1557	617	1262	657	818	308	154	767	1415	1028	1092	495	915	352	333	631	461	634	499	775	794	315	461	341	667	758	842	875	1190	1163	1273	907	939	680	1329	1131	521	442	205	326	189	1299	114	75	972	501	643	355	398	273	678	495	501	1013	744	241	634	948	1023	760	1068	266	2022	1132	58	776	256	678	180	407	1186	311	1275	1536	1064	1346	3449	559	8021	3758	921	3390	848	1195	1266
p:Cryptophyta-Cryptophyta_X	2792	4018	822	5527	1967	2154	1651	925	1579	531	1736	702	4396	4073	3295	10158	909	960	2213	550	1054	725	682	5084	1965	1728	743	1131	1878	4313	669	1534	2510	2716	4968	4453	2940	1952	2037	3449	1155	4675	740	478	0	2155	0	2982	5193	5713	7391	12382	13113	14046	11012	11247	7490	7673	4977	6099	4353	5316	9385	6219	6274	4189	7829	17638	9288	4619	8167	6389	8506	10798	5407	10259	3744	4751	3625	3162	14917	4647	6934	6516	9970	4261	9858	6042	6477	7762	3960	4911	10527	4195	4249	5009	3818	4635	7130	20070	5969	8728	5100	4855	4419	3473	3384	4163	3640	625	171	2245	1108	1697	977	5758	3684	4607	7417	529	6965	680	1972	907	162	2880	1831	2960	5825	4433	1672	1761	781	1233	1143	440	1111	687	1071	6650
p:Evosea-Evosea_X	0	0	0	0	0	0	0	0	0	0	0	0	0	0	0	0	0	0	0	0	0	0	0	0	0	0	33	93	0	0	0	0	0	0	0	0	0	0	14	0	0	0	0	0	0	0	0	0	0	0	0	0	19	0	0	3	9	0	0	0	0	0	0	0	0	0	0	0	86	0	0	20	3	0	0	3	0	12	8	30	12	5	0	3	0	0	6	0	7	11	0	8	0	28	0	5	12	0	7	0	0	0	0	15	12	15	27	0	0	0	0	0	0	4	0	0	0	0	0	0	0	0	0	0	0	0	0	0	0	0	0	0	35	0	0	0	0	0	0	0
p:Haptophyta-Haptophyta_X	0	0	0	0	0	0	4	0	0	0	0	0	0	0	0	0	0	0	0	0	0	0	0	0	0	0	0	0	0	0	0	0	0	0	0	0	0	0	0	0	0	0	0	0	0	0	0	0	0	0	0	0	0	0	0	0	0	0	0	0	0	0	0	0	0	0	0	0	0	0	0	0	5	0	0	0	0	0	0	0	0	0	0	0	0	0	0	0	0	0	0	0	0	0	0	0	0	0	0	0	0	0	0	0	0	0	0	0	0	0	0	0	0	0	0	0	0	0	0	0	0	0	0	0	0	0	0	0	0	0	0	0	0	0	0	0	0	0	0	0
p:Kathablepharidacea-Kathablepharida	75	244	0	0	164	0	169	0	0	44	21	0	191	0	0	0	0	0	0	0	0	0	21	446	209	176	0	0	80	0	0	0	0	179	184	0	89	56	0	19	0	75	0	0	0	191	0	131	436	567	848	386	103	244	1354	1599	633	189	265	355	297	191	616	108	232	367	300	1805	1205	1490	1711	2553	1741	985	108	1991	767	767	283	353	974	303	173	162	105	140	120	148	162	519	287	171	297	355	96	118	281	131	179	657	60	131	47	67	53	34	27	431	226	0	0	0	0	121	0	175	0	244	211	71	209	0	155	49	50	314	98	54	0	75	79	73	0	0	0	0	0	0	0	282
p:Opisthokonta-Choanoflagellata	942	206	0	45	0	72	0	0	0	0	0	21	108	158	0	0	0	0	0	39	36	86	0	101	133	0	46	51	17	59	0	0	0	0	59	71	77	0	17	20	0	237	60	68	0	113	0	137	57	115	85	48	221	120	233	298	386	145	151	136	105	31	85	298	82	74	42	147	58	63	105	64	162	87	326	154	93	158	136	122	183	77	132	321	128	338	141	219	319	528	619	295	1512	528	21	42	252	44	126	284	52	152	224	248	319	578	743	366	1245	16	31	16	0	147	110	196	30	188	275	47	38	0	107	60	0	63	0	143	0	665	51	26	60	38	0	55	0	0	35	48
p:Opisthokonta-Ichthyosporea	18	14	0	0	0	0	27	14	0	0	0	0	0	0	0	0	0	0	94	85	49	0	0	0	0	0	0	388	29	0	145	0	0	0	1	0	0	0	0	0	0	8	0	0	0	0	0	0	9	0	0	0	0	0	0	10	0	0	6	6	0	5	63	0	0	0	46	92	117	15	20	18	8	6	0	17	16	47	4	0	0	0	36	26	0	0	18	26	4	40	66	53	31	33	0	0	16	0	0	0	0	0	0	0	0	9	0	0	83	0	0	0	44	46	168	0	0	14	0	0	0	10	0	35	0	0	0	0	228	9	0	0	24	0	16	0	0	0	0	15
p:Opisthokonta-Pluriformea	0	23	0	0	0	0	0	0	0	0	0	0	0	0	0	0	0	0	0	0	0	0	0	0	0	0	0	0	0	0	0	0	0	0	0	0	0	0	0	0	0	0	0	0	0	0	0	0	0	0	0	4	0	11	0	0	0	0	0	0	0	0	0	0	0	0	0	0	0	0	0	0	0	0	0	0	0	0	0	0	0	0	0	0	0	0	0	0	0	0	0	0	0	0	0	0	0	0	0	0	0	0	0	0	0	0	0	6	0	0	0	0	0	0	0	0	0	9	0	0	0	0	0	0	0	0	0	0	0	0	0	0	0	0	0	0	0	0	0	0
p:Rhizaria-Cercozoa	1355	612	104	1791	1224	1701	702	841	1080	542	336	222	293	643	537	1226	728	707	922	687	1331	709	590	891	3227	2978	734	1619	612	1805	1882	1828	176	171	402	1740	335	139	468	1229	238	684	986	619	0	862	0	295	278	788	603	382	882	893	515	403	725	239	241	198	208	166	1251	808	626	336	746	2054	990	496	1299	1347	405	316	688	709	258	538	194	242	1472	865	1441	2645	752	567	1040	2004	1003	954	1119	361	4155	378	91	140	883	84	572	1239	373	1019	728	433	813	924	955	615	2160	261	73	646	463	659	950	816	673	902	533	289	1220	422	771	277	109	471	300	323	698	1817	485	783	320	394	368	110	834	969	504	495
p:Rhodophyta-Rhodophyta_X	0	0	0	0	0	0	0	0	0	0	0	0	0	0	0	0	0	0	0	0	0	0	0	0	0	0	0	0	0	0	0	0	0	0	0	0	0	0	0	0	0	0	0	0	0	3	0	4	0	0	4	0	13	0	0	0	0	0	0	0	0	0	0	16	0	0	0	0	0	0	0	0	0	0	23	0	0	0	0	0	0	0	0	0	0	22	0	0	0	0	0	0	0	0	0	0	12	0	0	0	0	0	0	0	0	0	0	7	0	230	0	0	0	0	0	0	24	0	5	0	0	0	0	0	0	0	0	0	0	22	0	0	0	0	0	0	0	0	0	0
p:Rigifilida-Rigifilida_X	0	0	0	0	0	0	0	0	0	0	0	0	0	0	0	0	0	0	0	0	0	0	0	0	0	0	0	0	20	0	0	0	0	0	0	0	0	0	0	0	0	0	0	0	0	0	0	0	0	0	5	0	0	0	0	8	0	0	0	0	0	0	3	0	22	0	0	2	0	0	0	0	0	0	0	0	0	0	0	15	18	0	0	0	0	0	0	0	0	0	0	0	0	0	0	0	0	0	0	0	0	0	0	0	0	0	3	0	0	0	0	0	0	0	0	0	0	0	0	0	0	0	0	0	0	0	0	0	0	0	0	0	0	0	0	0	0	0	0	0
p:Stramenopiles-Bigyra	385	335	1429	2697	2405	2783	3611	1666	3339	663	1118	1823	125	4070	2493	5746	1978	4382	2638	1009	4197	801	1614	302	4416	6206	4024	2006	2817	3312	2373	1545	550	1314	133	3131	2728	1048	1427	1811	652	267	675	951	0	95	0	191	274	483	519	367	286	325	252	403	280	130	189	198	135	130	458	371	375	341	342	797	547	332	474	266	351	206	371	491	125	263	184	312	580	280	376	513	167	503	309	485	354	779	477	223	849	732	51	58	492	183	185	699	77	150	122	191	202	159	192	296	682	1838	1477	1145	1817	1650	1881	2090	2634	690	204	308	808	736	61	766	683	162	1011	2903	1622	228	1529	2650	1763	2177	1201	645	963	717	760	156
p:Stramenopiles-Gyrista	7108	7130	4096	11101	3727	2590	3247	1361	1856	1758	1616	1830	3810	3907	1648	21098	5869	13618	12966	5579	9273	4473	5413	3685	10551	10765	6610	10087	11675	10226	5285	4542	3366	1920	2805	7740	6438	4353	6100	12276	6363	17897	8779	5514	0	6200	0	5845	2643	4266	4023	2209	8705	3641	2782	3404	3765	2846	3417	4434	2299	3860	31676	5638	5983	3812	13847	6492	2753	4393	8706	7852	9234	14228	5266	33838	11083	11486	9485	8078	7572	4831	2694	4325	2098	6510	2366	3190	3693	3406	3803	2421	2050	2352	2002	2194	8796	533	926	5120	3488	4405	6280	5826	4169	10934	11826	5357	12930	6370	3090	9830	8128	8025	7917	7304	5318	19095	7854	3267	5075	2628	11688	2377	2253	6805	3762	8475	11446	8057	9832	6347	8395	5151	6036	2996	9672	3221	6931	6242
p:Stramenopiles-Stramenopiles_X	0	0	0	0	0	0	0	0	0	0	0	0	0	0	0	0	0	0	0	0	0	0	0	0	0	0	0	0	0	0	0	0	0	0	0	0	0	0	0	0	0	0	0	0	0	0	0	0	0	0	0	0	0	0	0	0	0	0	0	0	0	0	0	0	0	0	0	0	0	0	0	0	0	5	0	0	0	0	0	0	0	0	0	0	0	0	0	0	0	0	0	0	0	0	0	0	0	0	0	0	0	0	0	0	0	0	0	0	0	0	0	0	0	0	0	0	0	0	0	0	0	0	0	0	0	0	0	0	0	0	0	0	0	0	0	0	0	0	0	0
p:Telonemia-Telonemia_X	15	0	0	0	0	0	0	0	0	0	0	0	0	0	0	0	0	0	0	0	0	0	0	148	0	0	0	0	0	0	0	0	0	0	58	0	0	0	0	0	0	0	0	0	0	0	0	5	0	2	4	0	0	0	0	0	0	0	0	0	0	0	0	0	0	0	0	0	0	0	0	0	0	0	0	13	0	0	0	0	5	0	4	0	0	0	0	0	0	0	0	0	0	0	0	0	0	0	0	6	0	0	0	0	0	0	0	0	13	0	0	0	0	0	0	0	0	0	0	0	0	0	4	0	0	0	0	0	0	0	0	0	0	0	0	0	0	0	0	0
p:Tubulinea-Tubulinea_X	0	0	0	0	0	0	0	45	0	0	0	0	0	0	3	0	0	0	0	65	0	0	0	0	0	0	0	0	166	0	0	0	0	0	6	0	0	0	0	0	0	2	0	0	0	0	0	0	3	0	0	0	0	0	0	25	12	6	0	5	0	0	0	0	0	0	0	0	0	13	0	0	4	3	12	0	0	11	8	24	10	0	0	23	0	5	13	0	18	10	0	4	32	31	22	0	0	2	17	0	4	0	0	0	0	117	6	0	16	0	0	0	0	0	0	0	0	0	0	0	0	0	0	0	0	0	0	0	0	0	0	269	18	0	0	0	0	54	0	0
Unclassified	1496	60	417	1317	828	574	710	169	983	278	210	416	33	863	251	650	0	154	115	159	56	171	43	57	0	216	6	209	124	79	152	2	44	4	14	75	96	0	93	91	0	11	8	0	0	16	0	46	17	42	94	49	351	27	298	272	88	257	764	1218	441	295	81	150	114	56	38	76	41	7	60	31	28	43	125	72	16	33	11	10	72	48	62	81	54	116	48	65	50	54	24	52	101	55	15	4	125	8	8	18	0	0	0	0	0	2	3	64	2226	255	170	86	251	521	898	776	1741	106	157	465	716	909	17	102	656	11	724	1582	456	254	1199	1773	287	297	583	865	1510	246	748	28
