Group.1	X1	X10	X100	X101	X102	X103	X104	X105	X106	X107	X108	X109	X11	X110	X111	X112	X113	X114	X115	X116	X117	X118	X119	X12	X120	X121	X122	X123	X124	X125	X126	X127	X128	X129	X13	X130	X131	X132	X133	X134	X135	X136	X137	X138	X139	X14	X140	X15	X16	X17	X18	X19	X2	X20	X21	X22	X23	X24	X25	X26	X27	X28	X29	X3	X30	X31	X32	X33	X34	X35	X36	X37	X38	X39	X4	X40	X41	X42	X43	X44	X45	X46	X47	X48	X49	X5	X50	X51	X52	X53	X54	X55	X56	X57	X58	X59	X6	X60	X61	X62	X63	X64	X65	X66	X67	X68	X69	X7	X70	X71	X72	X73	X74	X75	X76	X77	X78	X79	X8	X80	X81	X82	X83	X84	X85	X86	X87	X88	X89	X9	X90	X91	X92	X93	X94	X95	X96	X97	X98	X99
o:Abeoformidae	18	14	0	0	0	0	0	0	0	0	0	0	0	0	0	0	0	0	0	0	0	0	0	0	0	0	0	0	0	0	0	0	0	0	1	0	0	0	0	0	0	0	0	0	0	0	0	0	0	0	0	0	0	0	0	0	0	0	6	6	0	0	27	0	0	0	0	0	0	4	20	18	8	6	0	17	16	47	4	0	0	0	0	0	0	0	0	0	0	0	0	0	0	0	0	0	0	0	0	0	0	0	0	0	0	0	0	0	83	0	0	0	0	0	0	0	0	0	0	0	0	0	0	0	0	0	0	0	0	4	0	0	0	0	0	0	0	0	0	0
o:Achnanthales	0	0	0	0	0	0	0	0	0	0	0	0	0	0	0	0	0	0	0	0	0	0	0	0	0	0	0	0	0	0	0	0	0	0	0	0	0	0	0	0	0	0	0	0	0	0	0	0	0	0	0	0	0	0	0	0	0	0	0	4	0	0	0	0	0	0	0	0	0	0	0	0	0	0	0	0	0	0	0	7	0	0	0	0	0	0	0	4	0	0	0	0	0	0	0	0	0	0	0	0	0	0	0	0	0	0	0	0	0	0	0	0	0	0	0	0	0	0	0	0	0	0	0	0	0	0	0	0	0	0	0	0	0	0	0	0	0	0	0	0
o:Apoikiales	25	14	124	106	0	0	0	0	0	0	21	0	9	0	3	0	0	0	0	0	0	0	0	5	0	0	0	0	0	0	0	0	0	0	21	0	35	0	4	27	0	1	105	0	0	9	0	5	13	15	15	1	3	13	36	108	80	6	10	7	9	7	0	30	15	4	6	12	7	0	0	0	0	0	76	0	0	6	5	0	4	0	0	0	0	42	0	0	0	0	0	0	0	0	0	0	31	0	0	0	0	1	2	7	0	5	11	30	82	112	114	364	254	336	332	183	69	21	18	140	23	30	0	18	11	13	0	0	0	18	92	504	149	89	11	27	96	0	0	0
o:Apostomatia	0	0	0	0	0	0	0	0	0	0	0	0	0	0	0	0	0	0	0	0	0	0	0	0	0	0	0	0	0	0	0	0	0	0	0	0	0	0	0	0	0	0	0	0	0	0	0	0	0	0	0	0	0	0	0	0	0	0	0	0	0	0	0	0	0	0	7	0	0	0	0	0	0	0	0	0	0	0	0	0	0	0	0	0	0	0	0	0	0	0	0	0	0	0	0	0	0	0	0	0	0	0	0	0	0	0	0	0	0	0	0	0	0	0	0	0	0	0	0	0	0	0	0	0	0	0	0	0	0	0	0	0	0	0	0	0	0	0	0	0
o:Apusomonadidae_Group-1	0	0	0	0	0	0	0	0	0	0	0	0	0	0	0	0	0	0	0	0	0	0	0	0	0	0	0	0	0	0	0	0	0	0	0	0	0	0	7	0	0	0	0	0	0	0	0	0	0	4	0	0	0	0	0	0	0	0	0	0	0	0	0	5	4	0	0	0	0	0	0	0	0	0	7	0	0	0	0	0	2	0	0	0	0	0	0	0	0	4	0	0	0	0	0	0	0	0	0	0	0	0	0	0	0	0	0	0	0	0	0	0	0	0	0	12	0	0	0	0	0	0	0	0	0	0	0	0	0	0	0	0	0	0	0	0	0	0	0	0
o:Aulacoseirales	78	220	60	0	0	59	136	0	0	0	24	0	63	120	8	189	0	0	0	0	0	0	0	187	0	0	0	0	0	0	0	0	152	0	141	0	78	86	117	14	0	33	0	0	0	38	0	32	10	16	82	7	139	176	64	24	10	4	0	26	6	7	81	34	621	203	14	15	22	117	40	159	94	185	31	96	113	237	115	60	25	6	83	66	47	11	7	187	41	107	7	31	13	50	66	13	139	0	15	148	36	37	35	9	12	40	38	117	154	0	0	0	0	0	66	127	0	1407	21	27	1284	104	177	0	6	104	0	0	1138	25	23	0	23	0	0	0	99	0	37	814
o:Bacillariales	58	17	0	0	49	0	0	0	76	32	0	0	11	0	0	339	0	0	0	0	0	0	0	41	0	0	0	0	0	0	0	0	193	0	26	36	26	0	50	205	0	98	0	0	0	14	0	20	13	18	18	38	72	43	20	108	72	31	44	26	31	33	44	9	32	7	44	56	9	35	50	19	60	39	70	107	84	28	60	19	46	8	20	6	15	57	28	33	43	6	33	14	56	72	29	0	42	0	32	163	43	58	60	58	6	54	34	17	118	0	0	0	0	0	119	0	0	77	22	7	161	0	34	0	46	15	0	0	449	27	0	0	15	0	0	0	0	0	37	74
o:Bicoecales	12	0	76	0	0	0	0	0	0	0	0	0	11	0	0	0	0	0	0	0	0	0	0	24	0	0	0	0	0	0	0	0	0	0	17	0	0	0	0	0	0	12	0	0	0	0	0	13	20	31	48	32	17	11	0	14	0	0	0	12	0	8	50	0	0	15	17	54	12	45	5	7	18	9	0	21	4	0	16	6	7	0	0	0	0	5	0	0	0	0	0	0	0	10	0	5	0	0	0	12	0	0	0	3	0	0	0	0	70	0	0	8	0	0	0	0	0	73	5	0	8	0	13	0	0	43	0	0	0	0	0	0	0	0	0	0	0	0	0	0
o:Cercomonadida	0	0	0	0	0	0	0	23	0	0	18	0	0	0	0	0	0	0	0	0	0	0	0	0	0	0	12	0	40	0	0	0	0	0	0	28	0	0	0	0	0	0	0	0	0	0	0	6	0	0	2	0	32	0	5	0	0	0	0	0	0	0	0	4	7	0	0	0	5	0	0	0	0	3	0	0	0	0	0	0	0	0	0	0	0	0	0	0	4	0	0	0	0	5	0	0	0	0	0	0	0	0	0	2	0	2	1	0	0	0	0	244	70	0	0	0	7	0	0	0	0	0	6	0	19	0	0	0	0	0	0	61	0	34	0	0	0	0	0	0
o:Chaetocerotales	0	0	0	0	0	0	0	0	0	0	0	0	0	0	0	0	0	0	0	0	0	0	0	0	0	0	0	0	0	0	0	0	0	0	0	0	0	0	0	0	0	9	0	0	0	0	0	0	0	0	0	0	0	0	0	0	0	6	14	10	0	0	33	0	0	18	10	4	4	0	8	0	10	5	0	11	0	11	5	0	0	0	0	0	0	0	0	0	0	0	0	0	0	0	0	0	9	0	4	0	0	0	3	0	6	0	8	2	5	0	0	0	0	0	0	0	0	0	0	0	0	0	0	0	0	0	0	0	0	0	0	0	0	0	0	0	0	0	0	17
o:Chaetophorales	0	0	0	0	0	0	0	0	0	0	0	0	0	0	0	0	0	0	0	0	0	0	0	0	0	0	0	0	0	0	0	0	0	0	0	0	0	0	0	0	0	0	0	0	0	0	0	0	0	0	0	0	0	0	0	0	0	0	0	0	0	0	0	0	0	0	0	0	0	0	0	0	0	0	0	0	0	0	0	0	4	0	0	0	0	0	0	0	4	16	0	0	0	0	0	0	0	0	0	0	0	0	0	0	0	0	0	0	0	0	0	0	0	0	0	0	0	0	0	0	0	0	0	0	0	0	0	0	0	0	0	0	0	0	0	0	0	0	0	0
o:Chlamydomonadales	608	276	1878	706	2889	0	186	36	5	71	54	50	53	232	6	44	2041	4108	4725	5887	9960	16131	11716	34	7718	5882	13295	6445	15612	2694	122	28	222	78	19	0	190	48	26	23	0	135	0	96	0	57	0	82	160	136	328	28	1753	101	262	685	415	350	352	445	202	119	539	955	492	663	426	611	230	243	437	247	493	314	524	509	160	332	265	496	419	579	523	658	554	730	462	594	303	725	969	363	204	70	237	60	840	31	18	408	188	315	180	208	106	216	240	355	803	73	55	11	355	462	326	590	98	1001	907	18	378	0	118	0	36	238	88	349	733	884	443	2308	110	4488	1209	541	1184	321	749	677
o:Chlorellales	28	0	0	0	88	0	0	13	0	0	11	9	0	0	0	533	72	0	0	43	0	0	0	0	0	0	0	0	0	0	0	0	137	0	0	0	42	0	37	281	225	575	261	110	0	125	0	65	74	64	41	35	66	22	3	8	7	25	36	54	4	7	79	61	126	60	24	95	27	23	15	17	61	67	29	172	31	54	58	17	54	9	22	29	0	91	0	0	0	0	0	0	0	17	0	32	29	26	24	109	101	178	95	132	114	324	170	25	46	0	0	21	79	30	0	35	21	125	41	0	19	0	222	46	46	330	11	139	157	16	0	114	5	0	41	0	0	0	198	86
o:Chlorodendrales	9	70	0	0	0	0	0	0	0	43	0	0	20	0	0	0	0	0	0	0	0	0	0	0	267	293	0	0	0	0	0	0	64	70	0	10	111	171	0	11	0	51	0	0	0	0	0	0	30	0	40	17	12	0	329	707	143	661	101	217	59	0	54	0	60	92	14	22	10	40	91	167	49	70	0	18	24	24	0	24	22	25	129	156	138	0	118	106	155	187	0	64	56	26	69	93	16	50	28	322	177	100	42	32	0	25	30	38	8	0	0	0	0	37	0	91	0	810	123	0	118	0	0	0	0	0	0	0	0	106	20	138	26	418	96	0	54	0	0	152
o:Choreotrichida	504	3217	3673	1873	3365	550	275	429	4094	1597	327	845	2807	2941	180	5984	3389	1616	1119	862	1443	616	668	2713	168	135	334	706	11658	310	295	5119	9894	10892	1480	2034	1332	10930	8347	9445	3225	650	509	255	0	2691	0	5801	1975	3929	5747	2712	813	2080	1855	3156	1710	3527	3019	2721	1656	1957	5046	3014	10592	6430	3629	10155	5308	1659	5081	7306	2144	6676	3044	4595	2738	2110	2067	4710	8016	7700	3921	4231	2748	3171	3231	3590	1888	5989	6531	6542	2581	1169	6649	3407	3209	8042	6418	2564	3747	3218	2920	1436	437	269	297	2297	435	1133	5801	312	1485	1240	4770	811	2604	3211	911	5462	610	1145	2108	8316	4066	1558	369	1133	0	1936	433	2200	498	2326	736	795	475	2280	1113	8464
o:Choreotrichida-Tintinnina	695	3242	228	206	0	56	65	47	73	38	18	0	2671	0	0	263	0	0	0	36	33	567	189	8030	524	240	0	80	571	50	113	368	757	421	6375	143	144	904	1491	1381	1495	4005	1041	1002	0	736	0	1209	2014	1240	3015	2702	1889	1699	2240	1925	938	2062	899	1205	817	691	2904	3970	2260	2122	1308	1227	522	934	460	1183	963	1403	3099	1070	580	741	372	180	306	831	2621	3367	2412	3356	1826	2558	2088	4325	850	1604	538	688	1164	1616	2511	1707	1840	4117	3307	3457	4425	4702	1151	1491	2405	2405	1428	650	701	90	105	996	225	299	228	4293	2073	666	731	292	613	1603	307	883	537	492	0	1339	0	425	65	0	170	71	0	121	225	2666
o:Chromulinales	2	20	0	0	0	0	0	0	0	0	0	0	0	0	0	0	0	99	0	0	0	0	0	0	0	0	62	0	0	0	74	0	0	0	0	0	30	0	0	25	0	3	0	56	0	2	0	6	0	18	14	6	30	0	8	0	20	5	22	26	5	2	33	0	11	4	19	42	3	11	51	32	253	61	71	335	179	145	131	63	8	0	0	4	0	10	0	0	0	0	0	0	0	0	0	0	45	0	16	12	0	2	0	0	12	11	6	8	17	0	0	0	21	36	0	4	0	63	15	0	0	18	0	0	47	0	0	22	0	16	0	0	0	17	0	0	0	0	0	27
o:Chrysophyceae_Clade-EC2H	17	35	298	3632	1013	325	88	9	101	0	29	42	21	341	52	202	146	1213	2282	1178	2804	969	1098	39	1854	1715	1520	4401	5308	1983	1718	745	653	203	39	783	434	293	343	364	612	30	735	610	0	10	0	30	23	41	42	44	13	43	60	49	72	0	18	40	48	65	57	0	45	36	78	93	16	0	0	0	0	0	20	0	0	0	0	0	26	39	58	41	26	90	14	10	0	14	140	59	30	45	0	0	73	12	0	18	0	0	0	11	30	25	16	58	85	774	381	1113	1485	1525	945	676	524	103	1	193	165	361	0	251	272	0	493	888	321	30	1574	1164	1289	637	621	396	1537	1210	300	32
o:Chrysophyceae_Cluster-I	6	80	0	0	0	0	0	0	0	0	0	0	23	0	0	0	0	0	0	0	0	0	0	43	0	0	0	0	0	0	0	0	0	0	48	0	0	0	0	0	0	0	0	0	0	35	0	42	24	42	26	14	44	18	7	0	0	7	6	14	12	0	104	12	12	23	41	55	33	50	79	60	0	0	36	0	0	0	0	0	5	0	0	0	0	14	0	0	0	0	0	0	0	0	0	0	11	0	0	0	0	0	0	0	0	0	0	23	9	0	0	94	0	0	0	93	0	33	31	19	0	0	17	12	54	13	0	0	0	11	0	0	0	0	0	0	0	0	0	12
o:Chrysophyceae_Cluster-II	8	177	0	0	0	0	0	0	0	0	0	0	0	0	0	0	0	0	0	0	0	0	0	4	0	0	0	0	0	0	0	0	0	0	2	0	0	0	0	0	0	0	0	0	0	26	0	0	0	30	11	18	19	2	0	0	2	13	33	18	30	7	236	0	0	65	74	21	35	26	4	9	0	0	11	0	0	0	0	0	0	0	0	0	0	18	0	0	0	0	0	0	0	0	0	0	9	0	0	6	0	0	0	0	0	0	0	5	9	0	0	0	0	8	0	74	0	88	31	0	0	0	14	0	0	3	0	0	0	4	0	0	0	0	0	0	0	0	0	16
o:Chrysophyceae_env_clade-I	59	242	1974	5182	425	1011	875	731	351	114	534	124	60	673	1048	4652	2701	10438	9351	2650	3712	2204	1431	119	3721	4476	2497	3546	3617	4626	1213	828	28	915	37	4998	3601	1839	2841	1943	557	60	723	287	0	96	0	134	54	81	166	122	19	792	285	371	559	78	85	106	241	66	249	84	313	561	549	437	215	95	47	96	0	65	73	49	51	58	26	83	790	541	260	234	129	190	124	150	139	210	243	120	359	203	4	8	181	27	39	206	48	137	43	50	131	173	125	172	174	919	741	2486	2553	1611	1327	1496	2129	58	53	544	385	409	45	603	235	11	1174	3444	5156	96	5466	1309	4005	2034	1764	1742	5250	741	756	232
o:Chrysosaccales	0	0	0	0	0	0	0	32	0	0	0	0	0	0	0	0	0	0	0	0	0	0	0	0	0	0	0	0	0	0	0	0	0	0	4	0	0	0	0	0	0	0	0	0	0	0	0	0	0	0	2	0	0	0	21	29	18	0	7	6	3	0	0	0	13	5	0	0	0	0	8	7	0	0	0	0	0	0	0	0	0	0	0	0	0	0	0	0	0	0	0	0	0	0	0	0	41	0	0	0	0	0	0	0	0	0	0	4	0	0	0	0	0	35	0	0	0	0	20	0	0	0	0	0	0	0	0	0	0	4	0	141	4	0	7	0	0	0	74	8
o:Cladophorales	0	0	0	0	0	0	0	0	0	0	0	0	0	0	0	0	0	0	0	0	0	0	0	0	0	0	0	0	0	0	0	0	0	0	0	0	0	0	0	0	0	0	0	0	0	0	0	0	0	0	0	0	0	0	0	0	0	0	0	0	0	0	0	0	0	0	0	0	0	0	0	0	0	0	0	0	0	0	0	0	7	0	0	0	0	0	0	0	0	0	0	0	0	0	0	0	0	0	0	0	0	0	0	0	0	0	0	0	0	0	0	0	0	0	0	0	0	0	0	0	0	0	0	0	0	0	0	0	0	0	0	0	0	0	0	0	0	0	0	0
o:Colpodellida	20	66	0	355	515	25	72	78	679	69	19	0	58	386	28	0	0	0	0	0	165	70	0	79	1010	484	0	0	0	207	116	0	0	532	86	968	1101	1118	1118	3555	850	551	974	291	0	28	0	10	62	0	81	77	201	62	152	789	233	53	97	163	47	77	184	42	55	21	265	580	525	115	274	377	192	173	45	250	145	192	103	51	24	16	13	5	13	10	24	21	60	53	11	0	40	58	14	43	117	73	144	699	204	557	640	432	673	376	278	49	96	0	0	434	208	51	0	0	0	119	33	0	48	336	8	0	36	23	0	7	0	60	42	0	66	15	0	0	0	0	88	13
o:Craspedida	12	0	0	0	0	0	0	0	0	0	0	21	20	0	0	0	0	0	0	0	18	0	0	52	133	0	46	33	17	59	0	0	0	0	13	0	0	0	9	11	0	0	0	68	0	57	0	54	23	27	9	7	9	12	104	151	256	73	83	53	67	17	14	35	0	5	13	57	27	3	0	21	46	39	40	19	26	17	20	17	36	28	70	133	44	54	65	80	126	272	404	221	862	51	13	5	15	6	19	40	0	20	17	26	12	24	32	17	38	0	0	0	0	0	30	10	0	11	7	35	38	0	77	15	0	56	0	0	0	3	51	26	4	13	0	0	0	0	0	0
o:Cryomonadida	113	68	0	0	233	0	0	0	0	64	21	0	53	0	0	0	0	0	0	0	0	0	0	178	0	0	0	0	0	0	0	0	0	0	103	0	21	0	9	0	0	7	0	0	0	3	0	13	23	45	79	68	344	26	58	41	41	34	37	53	6	4	156	252	41	0	171	264	106	84	62	117	174	100	159	139	71	96	16	23	36	0	0	0	0	153	0	0	0	28	0	0	14	16	14	69	239	14	23	48	0	0	4	0	0	2	10	99	181	48	33	12	0	111	74	21	11	199	69	35	187	8	22	0	17	124	20	0	0	97	12	0	0	0	0	29	54	0	38	12
o:Cryptomonadales	2572	3357	276	68	996	120	842	150	158	347	48	242	4175	828	10	4268	636	125	319	429	226	209	191	4609	505	748	154	175	330	222	77	494	2352	2018	4701	690	1951	1484	858	974	0	4270	149	0	0	1881	0	2250	4813	5001	6536	11771	13076	12773	10612	10962	7184	7552	4809	5826	4191	4918	8702	6104	5773	3665	6793	14540	8281	4239	7697	6077	7813	9630	5106	8647	3509	4147	3307	2893	14228	4140	6786	6225	9879	4039	9771	5843	6302	7475	3452	4702	9181	3170	3887	4843	3527	4329	6554	19178	5833	8385	4875	4542	4023	2669	2756	3870	3305	45	171	63	761	724	531	4275	218	3708	7198	278	6507	62	1794	218	128	2650	436	1849	4231	4080	639	1137	167	129	289	340	575	36	733	6063
o:Cyanidiales	0	0	0	0	0	0	0	0	0	0	0	0	0	0	0	0	0	0	0	0	0	0	0	0	0	0	0	0	0	0	0	0	0	0	0	0	0	0	0	0	0	0	0	0	0	3	0	4	0	0	4	0	13	0	0	0	0	0	0	0	0	0	0	16	0	0	0	0	0	0	0	0	0	0	23	0	0	0	0	0	0	0	0	0	0	22	0	0	0	0	0	0	0	0	0	0	12	0	0	0	0	0	0	0	0	0	0	7	0	230	0	0	0	0	0	0	24	0	5	0	0	0	0	0	0	0	0	0	0	22	0	0	0	0	0	0	0	0	0	0
o:Cymbellales	0	0	0	0	0	0	0	0	0	0	0	0	0	0	0	0	0	0	0	0	0	0	0	0	0	0	0	0	0	0	0	0	0	0	0	0	0	0	0	0	0	0	0	0	0	0	0	0	0	0	0	0	0	0	0	0	0	0	0	0	0	0	0	0	0	0	0	0	0	0	0	0	0	0	0	0	0	0	0	0	0	0	0	0	0	0	0	0	0	0	0	0	0	0	0	0	0	0	0	0	0	0	0	0	0	0	0	0	0	0	0	0	0	0	0	0	0	0	0	0	0	0	0	0	0	0	0	0	0	0	0	0	0	0	19	0	0	0	0	0
o:Cyrtophoria_4	0	0	0	0	0	0	0	0	0	0	0	0	0	0	0	0	0	0	0	0	0	0	0	0	0	0	45	48	0	0	0	0	115	0	0	0	31	70	56	143	444	243	0	107	0	442	0	169	0	57	4	0	0	0	0	0	0	14	0	0	0	0	0	0	0	193	0	0	0	0	0	0	0	0	0	0	0	0	22	8	13	0	0	0	0	0	0	0	15	153	22	11	6	0	0	74	9	0	0	0	8	26	30	266	136	96	197	10	0	0	0	27	0	10	0	0	42	0	0	0	0	0	270	175	0	88	0	0	0	6	0	0	0	0	0	0	0	0	0	0
o:Cyrtophoria_7	0	0	0	0	0	0	0	0	0	0	0	0	0	0	0	0	0	0	0	0	0	0	0	0	0	0	0	0	0	0	0	0	0	0	3	0	0	0	0	0	0	0	0	0	0	0	0	0	0	0	0	0	0	0	5	64	36	11	0	4	0	5	0	0	0	0	0	17	0	3	38	0	0	0	0	0	8	0	0	0	0	0	0	0	0	0	0	0	4	0	0	0	11	49	0	0	0	0	0	0	0	0	0	2	0	0	0	0	0	0	0	0	0	0	0	0	0	0	0	0	0	0	0	0	0	0	0	0	0	0	0	0	0	0	0	0	0	0	0	0
o:Cyrtophoria_8	0	0	0	0	0	0	0	0	0	0	0	0	0	0	0	0	0	0	0	0	0	0	0	0	0	0	0	0	0	0	0	0	0	0	0	0	0	0	0	0	0	0	0	0	0	0	0	0	0	0	0	0	0	0	0	0	0	0	0	0	0	0	0	0	0	0	0	3	0	0	0	0	0	0	0	0	0	0	0	0	0	0	0	0	0	0	0	0	0	0	10	0	0	0	0	0	0	0	0	0	0	0	0	0	0	0	0	0	0	0	0	0	0	0	0	0	0	0	0	0	0	0	0	0	0	0	0	0	0	0	0	0	0	0	0	0	0	0	0	0
o:Dolichomastigales	16	7	161	294	137	126	7	109	20	53	66	120	0	575	58	242	0	836	1021	780	383	216	98	24	475	0	140	0	0	227	193	0	0	0	25	100	16	0	33	0	0	0	0	0	0	0	0	0	40	22	64	34	0	46	50	94	20	12	21	0	0	0	14	25	18	26	13	46	36	0	16	0	0	17	52	19	0	7	0	9	127	80	43	135	28	36	63	35	0	0	0	0	66	24	5	0	74	0	0	0	0	0	0	0	0	0	0	36	60	451	130	436	331	342	364	255	75	24	10	40	241	229	0	8	156	4	79	502	270	0	445	870	298	193	293	57	796	0	0	16
o:Euamoebida	0	0	0	0	0	0	0	0	0	0	0	0	0	0	0	0	0	0	0	0	0	0	0	0	0	0	0	0	0	0	0	0	0	0	0	0	0	0	0	0	0	2	0	0	0	0	0	0	0	0	0	0	0	0	0	0	0	0	0	0	0	0	0	0	0	0	0	0	0	0	0	0	4	3	12	0	0	9	4	24	10	0	0	6	0	0	0	0	4	3	0	0	0	0	4	0	0	2	0	0	4	0	0	0	0	117	4	0	16	0	0	0	0	0	0	0	0	0	0	0	0	0	0	0	0	0	0	0	0	0	0	0	0	0	0	0	0	0	0	0
o:Euglyphida	0	0	0	0	0	0	0	0	0	0	0	0	0	0	0	0	0	0	0	0	0	0	0	0	0	0	0	0	0	0	0	0	0	0	0	0	0	0	0	0	0	0	0	0	0	0	0	0	0	0	0	0	4	0	0	8	0	0	0	0	0	0	0	0	0	0	0	0	0	0	0	0	0	0	9	0	0	0	0	0	0	0	0	0	0	0	0	0	0	0	0	0	0	0	0	0	3	0	0	0	0	0	0	0	0	0	0	0	0	0	0	0	0	0	0	0	0	0	0	0	0	0	0	0	0	0	0	0	0	0	0	0	0	0	0	0	0	0	0	0
o:Euplotia	0	0	0	0	0	0	0	0	0	0	0	0	0	0	0	0	0	0	0	0	0	0	0	0	0	0	0	0	0	0	0	0	0	0	0	0	0	0	0	0	0	0	0	0	0	0	0	0	0	0	0	0	0	0	0	0	0	0	0	0	0	0	0	0	0	0	0	0	0	0	0	0	0	0	0	0	0	0	0	0	0	0	0	0	0	0	0	24	0	0	0	0	0	0	0	0	0	0	6	0	0	0	0	0	0	0	0	0	37	0	0	0	0	0	0	0	0	0	0	0	0	0	0	0	0	0	0	0	0	0	0	0	0	0	0	0	0	0	0	0
o:Flamellidae	0	0	0	0	0	0	0	0	0	0	0	0	0	0	0	0	0	0	0	0	0	0	0	0	0	0	0	93	0	0	0	0	0	0	0	0	0	0	0	0	0	0	0	0	0	0	0	0	0	0	0	0	0	0	0	0	9	0	0	0	0	0	0	0	0	0	0	0	81	0	0	20	0	0	0	0	0	0	0	0	0	0	0	0	0	0	6	0	0	0	0	0	0	0	0	5	0	0	0	0	0	0	0	0	0	0	0	0	0	0	0	0	0	0	0	0	0	0	0	0	0	0	0	0	0	0	0	0	0	0	0	0	35	0	0	0	0	0	0	0
o:Fragilariales	0	0	0	0	0	0	0	0	0	0	0	0	0	0	0	0	0	0	0	0	0	0	0	0	0	0	0	0	0	0	0	0	0	0	0	0	0	0	0	0	0	0	0	0	0	0	0	0	0	0	0	0	3	0	0	0	0	0	0	0	0	0	0	0	0	0	0	0	0	0	0	0	0	0	0	0	0	0	0	0	22	0	0	0	0	8	0	0	0	0	0	0	0	0	0	0	0	0	0	0	0	0	0	0	0	0	0	0	12	0	0	0	0	0	0	0	0	0	0	0	0	0	0	0	0	0	0	0	0	0	0	0	0	0	0	0	0	0	0	0
o:Glissomonadida	0	0	104	116	0	11	0	24	0	89	0	0	0	0	0	186	0	0	0	59	0	0	0	0	99	0	147	0	0	61	0	27	67	0	0	0	0	0	0	43	0	0	0	0	0	0	0	0	0	0	11	0	24	0	0	0	0	0	11	0	0	0	27	17	0	6	0	0	25	0	0	50	0	0	7	10	5	11	0	14	0	0	14	0	0	0	0	0	0	25	0	0	0	0	0	4	0	0	0	6	0	0	8	0	3	6	6	0	16	0	0	0	21	0	255	15	0	0	0	0	0	0	0	0	0	0	40	0	0	0	0	0	0	0	0	0	31	0	148	0
o:Goniomonadales	0	6	0	0	0	0	0	0	0	0	0	0	0	0	0	0	0	0	0	0	0	0	0	0	0	0	0	0	0	0	0	0	0	0	0	0	0	0	0	0	0	0	0	0	0	0	0	8	16	0	0	0	0	0	0	0	0	0	0	0	0	0	0	0	0	0	0	5	0	0	0	0	0	0	0	0	0	0	0	0	0	0	0	0	0	0	0	0	0	0	0	0	0	0	0	0	0	0	0	0	0	0	0	0	0	0	0	0	0	0	0	0	0	0	0	0	0	19	0	0	0	0	0	0	0	0	0	0	0	0	0	0	0	0	0	0	0	0	0	0
o:Haptoria_4	0	0	0	0	0	0	0	0	0	0	0	0	0	0	0	0	0	0	0	0	0	0	0	0	0	0	0	0	0	0	0	0	0	0	0	0	0	0	0	0	0	0	0	0	0	0	0	0	0	0	0	0	0	0	0	0	0	0	0	0	0	0	0	0	0	0	0	0	0	0	0	0	0	0	0	0	0	0	0	0	0	0	0	0	0	0	0	0	0	0	0	0	0	0	0	0	0	0	0	0	0	0	0	0	0	0	0	0	0	0	3	0	0	0	0	0	0	0	0	0	0	0	0	0	0	0	0	0	0	0	0	0	0	0	0	0	0	0	0	0
o:Hibberdiales	1	0	536	656	289	85	0	0	0	0	59	0	0	0	65	0	123	616	387	819	2141	497	564	0	2367	2389	324	707	1401	1051	1025	705	0	221	5	761	322	645	423	1049	362	34	1332	1282	0	0	0	1	17	18	8	0	5	7	2	5	4	2	1	7	1	5	15	0	27	2	2	0	0	0	0	0	0	0	2	2	3	0	0	0	0	0	34	11	0	7	0	0	0	0	0	0	3	0	0	4	15	0	0	1	0	0	7	7	33	13	23	2	0	433	99	340	228	454	671	559	286	0	9	102	0	31	3	61	151	6	126	775	525	3	767	443	463	896	509	289	905	205	407	1
o:Hydrurales	0	0	0	0	0	0	0	0	0	0	0	0	0	0	0	0	122	0	0	0	0	0	0	0	0	0	0	0	0	0	0	0	0	0	0	0	0	0	0	0	0	0	0	0	0	0	0	0	0	0	0	0	31	0	0	0	0	0	0	0	0	0	0	0	0	0	0	0	0	0	0	0	0	0	0	0	0	0	0	3	0	0	0	0	0	21	0	0	0	0	0	0	0	0	0	0	25	0	0	0	0	0	0	0	0	0	0	0	0	0	0	0	0	0	0	0	0	0	0	0	0	0	0	0	0	0	0	0	0	0	0	0	0	0	0	0	0	0	0	20
o:Hymenostomatia	0	0	0	0	0	0	0	0	0	0	0	0	0	0	0	0	0	0	0	0	0	0	0	0	0	0	0	0	0	0	0	0	0	0	0	0	0	0	0	0	0	0	0	0	0	0	0	0	0	0	0	0	0	0	0	4	0	0	0	0	0	0	0	24	0	0	0	0	0	0	0	0	0	0	0	0	0	0	0	0	0	0	0	0	0	0	0	0	0	0	0	0	0	0	0	0	18	0	0	0	0	0	0	0	0	0	0	0	0	0	0	0	0	0	0	0	0	0	0	0	0	10	0	0	0	0	0	0	0	0	0	0	0	0	0	0	0	0	0	0
o:Hypotrichia	37	2071	196	95	305	154	36	0	150	539	13	59	726	263	16	445	0	0	0	0	0	0	11	920	0	0	0	0	0	93	127	382	460	0	527	166	6	69	124	15	0	7	0	0	0	126	0	399	557	1014	865	503	65	1455	645	726	354	77	178	301	107	355	472	9	61	427	467	686	434	259	106	240	771	559	58	737	314	382	257	194	23	22	8	0	33	40	23	19	0	122	34	26	128	49	182	80	227	45	55	132	30	45	9	9	4	42	7	142	47	0	0	0	83	73	268	18	376	1733	65	2405	475	227	100	907	2013	309	193	283	274	115	154	266	114	56	7	165	79	1169	200	36
o:Ichthyophonidae	0	0	0	0	0	0	0	0	0	0	0	0	0	0	0	0	0	0	0	0	0	0	0	0	0	0	0	0	0	0	0	0	0	0	0	0	0	0	0	0	0	0	0	0	0	0	0	0	0	0	0	0	0	0	0	4	0	0	0	0	0	0	0	0	0	0	0	0	0	0	0	0	0	0	0	0	0	0	0	0	0	0	0	0	0	0	0	0	0	0	0	0	0	0	0	0	0	0	0	0	0	0	0	0	0	0	0	0	0	0	0	0	0	0	0	0	0	0	0	0	0	0	0	0	0	0	0	0	0	0	0	0	0	0	0	0	0	0	0	0
o:Kathablepharidida	75	244	0	0	164	0	169	0	0	44	21	0	191	0	0	0	0	0	0	0	0	0	21	446	209	176	0	0	80	0	0	0	0	179	184	0	89	56	0	19	0	75	0	0	0	191	0	131	436	567	848	386	103	244	1354	1599	633	189	265	355	297	191	616	108	232	367	300	1805	1205	1490	1711	2553	1741	985	108	1991	767	767	283	353	974	303	173	162	105	140	120	148	162	519	287	171	297	355	96	118	281	131	179	657	60	131	47	67	53	34	27	431	226	0	0	0	0	121	0	175	0	244	211	71	209	0	155	49	50	314	98	54	0	75	79	73	0	0	0	0	0	0	0	282
o:Labyrinthulomycetes	0	6	0	0	0	0	0	23	0	0	0	0	0	0	14	0	0	0	0	0	0	0	0	0	0	0	0	0	0	0	0	0	0	0	0	0	0	0	0	0	0	5	0	0	0	0	0	3	12	7	9	10	0	7	5	7	0	0	6	0	0	0	4	13	7	0	13	24	0	0	23	0	16	16	0	0	0	13	13	9	8	0	0	0	6	0	0	0	0	0	0	0	0	0	0	0	0	0	0	0	0	0	0	0	0	0	8	0	0	0	0	0	0	19	0	0	0	21	0	0	0	0	0	0	0	10	0	0	0	0	0	0	0	0	0	0	0	0	0	6
o:Limnofilida	0	0	0	0	0	0	0	0	0	0	0	0	0	116	0	0	0	0	0	0	0	0	0	0	0	0	0	0	0	0	0	0	0	0	0	0	0	0	0	0	0	0	0	0	0	0	0	0	0	0	0	0	0	0	0	0	0	0	0	0	0	0	0	0	5	0	0	0	0	0	0	0	0	0	0	0	0	0	0	0	0	0	0	0	0	0	0	0	0	0	0	0	0	0	0	0	0	0	0	0	0	0	0	0	0	0	0	0	0	0	0	0	0	0	0	0	0	0	0	0	0	0	0	0	0	0	0	0	0	0	0	0	0	0	0	0	0	0	0	0
o:Mamiellales	0	0	0	0	0	0	0	0	0	0	0	0	0	0	0	0	0	0	0	0	0	0	0	0	0	0	70	0	0	0	0	0	0	0	0	0	0	66	48	75	0	0	0	0	0	0	0	0	0	0	0	0	0	0	0	0	0	0	0	0	0	0	0	0	0	0	0	0	0	0	0	0	0	0	0	0	0	0	0	0	0	0	0	0	0	0	0	0	0	0	0	0	0	0	0	0	0	0	0	0	0	0	0	0	0	0	0	0	0	0	0	0	0	0	0	0	0	0	0	0	0	0	0	0	0	0	0	0	0	0	0	0	0	0	0	0	0	0	0	0
o:Melosirales	0	0	0	0	0	0	0	0	0	0	0	0	0	0	0	0	0	0	0	0	0	0	0	0	0	0	0	0	0	0	0	0	0	0	3	0	3	0	0	0	0	0	0	0	0	0	0	0	0	0	0	0	0	0	3	0	0	9	3	7	0	0	0	0	0	0	5	0	0	0	0	0	0	0	0	0	0	0	0	7	71	19	38	22	3	0	0	9	5	27	8	0	0	0	0	0	13	0	0	5	0	0	0	0	0	0	0	0	2	0	0	0	0	0	0	0	0	18	0	0	0	0	0	0	0	0	0	0	0	0	0	0	0	20	0	0	0	0	0	3
o:Microthamniales	0	0	0	0	0	0	0	0	0	0	0	0	0	0	0	0	0	0	0	0	0	0	0	0	0	0	0	0	0	0	0	0	0	0	0	0	0	0	0	0	0	0	0	0	0	0	0	0	0	0	0	0	0	0	0	0	0	0	0	0	0	0	0	0	0	0	0	0	0	0	0	0	0	0	0	0	0	0	0	0	0	0	0	0	0	0	0	0	0	0	0	0	0	0	0	0	0	0	0	0	0	0	0	0	0	0	0	0	0	0	0	48	0	0	0	25	0	0	0	0	0	0	0	0	0	0	0	0	0	0	0	0	0	6	780	0	0	0	0	0
o:Monomastigales	0	0	0	0	0	0	0	0	0	0	0	0	0	0	0	0	0	0	0	0	0	0	0	0	0	0	0	0	0	0	0	0	0	0	0	0	0	0	0	0	0	0	0	0	0	0	0	0	0	0	0	0	0	0	0	0	0	0	0	0	0	0	0	0	0	0	0	0	0	0	0	0	0	0	0	0	0	0	0	0	0	0	0	0	0	0	0	0	0	0	0	0	0	0	0	0	0	0	0	0	0	0	0	0	0	0	0	0	0	0	0	0	0	0	0	29	0	0	0	0	0	0	0	17	0	0	15	0	0	0	0	0	6	27	0	0	0	0	0	0
o:Nanomonadea	95	13	0	0	0	0	0	0	0	0	0	0	4	0	0	0	0	0	0	0	0	0	0	6	0	0	0	0	0	41	0	0	0	0	0	0	0	0	0	4	0	7	25	0	0	4	0	26	5	20	43	6	23	15	15	27	25	26	19	17	10	0	5	60	0	0	0	0	0	0	0	0	0	0	37	0	0	0	9	16	9	8	0	45	15	38	22	32	25	21	16	0	123	14	0	0	8	5	30	94	8	0	9	10	6	13	0	11	151	0	46	0	0	0	0	0	0	13	14	0	0	0	7	0	0	9	0	0	236	8	13	0	0	0	0	0	0	0	0	0
o:Naviculales	0	0	0	0	0	0	0	0	0	0	0	0	0	0	0	0	0	0	0	0	0	0	0	0	0	0	0	0	0	0	0	0	0	0	0	0	0	0	0	0	0	0	0	0	0	0	0	0	0	0	0	0	0	0	0	0	0	0	0	0	0	0	5	0	0	0	0	0	0	0	0	0	0	0	0	0	0	0	0	0	0	0	0	0	0	3	0	0	0	11	0	0	0	0	0	0	0	0	0	0	0	0	0	0	0	0	0	0	0	0	0	0	0	0	0	0	0	0	0	0	0	0	0	0	0	0	0	0	0	0	0	0	0	0	0	0	0	0	0	0
o:Neogregarinorida	0	0	0	0	0	0	0	0	0	0	0	0	0	0	0	0	0	0	0	0	0	0	0	0	0	0	0	0	0	0	0	0	0	0	0	0	0	0	0	0	0	0	0	0	0	0	0	0	0	0	0	0	0	0	0	0	0	0	0	2	0	0	0	0	5	0	2	0	0	0	0	0	0	0	0	0	0	0	0	0	0	0	0	0	0	0	0	0	0	0	0	0	0	0	0	0	0	0	0	0	0	0	0	0	0	0	0	0	0	0	0	0	0	0	0	0	0	0	0	0	0	0	0	0	0	0	0	0	0	0	0	0	0	0	0	0	0	0	0	0
o:Novel-clade-10	35	65	0	1438	812	1147	444	279	408	170	246	57	26	480	359	554	230	393	458	126	1101	385	520	43	2616	2653	506	1144	572	205	250	0	0	140	17	1678	210	86	249	461	154	37	448	482	0	16	0	32	0	18	11	9	7	25	18	17	29	2	15	12	17	19	27	0	10	24	58	274	124	94	72	108	15	20	17	21	0	19	3	7	27	21	26	76	29	0	44	35	41	48	38	9	41	20	0	0	14	4	0	26	4	16	14	20	43	51	47	20	77	0	0	161	232	197	384	376	422	131	11	52	130	280	14	110	0	4	128	164	322	14	267	75	167	166	204	14	378	814	110	10
o:Novel-clade-12	0	0	0	0	0	0	0	0	0	0	0	0	0	0	0	0	0	0	0	0	0	0	0	0	0	0	0	0	0	0	0	0	0	0	0	0	0	0	0	0	0	0	0	0	0	0	0	0	0	4	0	0	0	0	0	0	0	0	0	0	0	0	0	0	0	0	0	0	0	0	0	0	0	0	0	0	0	0	0	0	0	0	0	0	0	0	0	0	0	0	0	0	0	0	0	0	0	0	0	0	0	0	0	0	0	0	0	0	0	0	0	0	0	0	0	0	0	0	0	0	0	0	0	0	0	0	0	0	0	0	0	0	0	0	0	0	0	0	0	0
o:Ochromonadales	72	78	0	608	455	400	158	89	165	0	0	85	50	0	95	0	0	770	337	0	134	124	1390	78	1095	158	1996	737	281	1383	464	1657	60	84	151	206	216	245	534	1136	1377	44	1716	1186	0	37	0	41	91	68	82	51	82	59	65	166	169	40	243	97	67	11	81	120	64	48	74	118	85	0	33	29	0	0	65	23	0	9	0	17	26	5	0	8	11	160	124	0	0	119	112	0	68	42	13	19	197	0	10	20	0	20	32	53	73	167	189	50	245	2632	681	1738	1040	1055	1377	568	790	51	61	643	447	922	14	315	313	9	389	1102	171	24	719	1155	1233	417	1300	91	436	310	50	18
o:OLIGO4	18	115	0	0	0	0	61	0	0	0	0	0	88	0	0	0	0	0	0	0	0	0	0	148	0	0	0	0	0	0	0	193	0	0	124	0	0	0	0	0	0	0	0	0	0	59	0	56	27	29	18	17	7	9	28	31	59	11	7	6	0	7	0	0	0	0	0	0	18	40	113	61	58	48	0	22	27	37	19	0	0	0	0	0	0	5	0	0	0	5	0	0	33	111	71	34	13	11	17	25	3	0	0	7	0	0	0	0	64	0	0	0	0	14	0	0	0	108	14	27	141	36	41	0	0	12	0	0	0	28	0	0	11	12	0	0	0	0	0	0
o:Oligotrichida	313	440	1251	477	917	188	0	0	78	180	35	344	580	403	236	2069	779	773	513	425	436	1602	2287	624	371	969	494	117	7326	369	38	1101	6272	5102	1053	1822	943	2717	2327	2923	292	46	532	0	0	40	0	99	1252	504	677	764	575	918	782	497	294	1838	963	840	287	428	990	604	427	299	459	819	517	23	0	34	120	214	1920	484	177	322	29	404	752	304	298	282	1490	101	1583	213	179	497	86	881	296	33	178	260	442	418	549	446	224	161	151	62	18	45	30	448	492	3126	3379	1265	134	815	4249	4057	5625	305	1049	5991	726	2779	33	475	4381	238	562	2758	756	1090	1010	985	561	5425	2114	1593	1572	2648	1948	690
o:Pansomonadida	0	0	0	0	0	0	0	0	0	0	0	0	0	0	0	0	0	0	0	0	0	0	0	0	0	0	0	0	0	0	0	0	0	31	0	0	0	0	0	0	0	0	0	0	0	0	0	0	0	0	0	0	7	0	5	0	7	0	8	6	7	0	0	0	0	0	22	0	0	0	19	43	0	0	0	0	0	0	0	0	0	0	0	0	0	0	0	0	0	0	0	0	15	0	0	0	0	0	0	0	0	0	0	0	0	0	0	0	0	0	0	0	0	0	0	0	0	0	0	0	0	0	0	0	0	0	0	0	0	14	0	0	0	0	80	0	0	0	0	0
o:Paraphysomonadales	164	497	274	576	0	37	104	21	424	49	89	177	211	51	74	0	41	0	328	0	34	226	0	365	0	0	0	98	0	439	667	203	0	67	268	146	321	150	133	646	326	199	1108	839	0	103	0	136	84	95	140	85	181	90	113	149	358	134	170	147	101	25	286	290	205	174	100	263	51	103	112	203	87	41	581	207	62	57	21	37	44	12	0	11	0	528	0	0	0	8	21	6	101	48	0	34	370	0	0	33	36	51	111	99	239	297	282	266	341	750	573	2402	1104	821	1360	359	413	476	133	215	167	229	63	117	170	0	325	598	480	225	625	479	299	247	163	108	267	0	57	105
o:Parmales	0	0	0	0	0	0	19	32	0	4	0	0	0	10	15	0	0	0	37	0	48	17	25	0	47	42	47	39	48	0	0	30	8	0	0	35	31	0	0	0	0	0	0	0	0	0	0	0	0	0	0	0	0	0	0	0	0	0	0	0	0	0	0	0	0	0	0	0	0	0	0	0	0	0	0	2	0	0	0	0	0	0	6	0	0	0	0	0	0	0	0	0	0	0	0	0	0	0	0	0	0	0	0	0	0	0	0	0	0	0	0	28	30	20	0	12	21	0	0	0	0	10	0	14	0	0	0	42	18	0	3	11	0	0	0	0	16	0	0	0
o:Pedinomonadales	0	0	0	50	0	0	0	0	0	0	0	0	0	0	0	0	0	0	0	0	0	0	0	0	0	0	0	0	0	0	0	0	0	0	0	0	0	0	0	0	0	0	0	0	0	0	0	0	0	0	0	0	0	0	0	0	0	0	0	0	0	0	17	0	9	11	9	0	0	0	0	0	0	0	0	0	0	0	0	0	0	0	0	0	0	0	0	0	0	0	0	0	0	0	0	0	5	0	0	0	0	0	0	0	0	0	0	0	0	0	0	0	0	89	0	10	0	0	0	0	0	0	0	0	0	0	0	0	0	0	0	0	0	0	0	0	0	0	0	0
o:Peniculia	0	320	99	33	162	72	76	0	0	0	0	0	34	0	0	0	0	0	0	0	0	0	0	0	0	0	0	0	0	0	0	0	0	0	0	0	0	66	0	33	82	194	73	0	0	5	0	94	1716	211	259	107	0	92	314	0	165	307	80	2993	3119	6273	3819	0	165	121	563	442	2365	336	0	0	0	0	0	0	0	0	0	0	0	0	0	0	0	5	0	0	0	0	0	0	0	0	0	44	113	0	0	61	46	30	70	381	145	420	85	122	0	0	0	0	0	32	31	119	0	141	61	0	0	18	9	8	337	91	68	0	0	32	0	0	40	59	8	243	291	2428	441	21
o:Peridiniales	0	0	0	0	0	0	23	0	0	0	0	0	0	0	0	0	0	0	0	0	0	0	0	0	0	0	0	0	0	0	0	0	0	0	0	23	0	0	0	0	0	0	0	0	0	0	0	0	2	0	0	0	18	0	23	17	0	0	0	0	0	0	19	0	0	0	2	6	0	7	0	0	0	0	0	0	0	0	0	0	0	0	0	0	0	0	0	0	0	0	0	0	0	0	0	18	0	12	9	20	0	0	5	0	0	0	0	0	0	0	0	0	0	3	0	0	0	0	7	0	0	0	0	0	0	0	0	0	0	0	0	0	0	0	0	0	0	0	0	0
o:Peritrichia_2	0	22	0	0	0	11	0	28	337	0	0	0	81	312	17	298	344	0	0	0	114	0	0	297	0	0	0	34	331	0	116	146	82	0	86	266	190	102	114	310	0	34	68	0	0	205	0	72	94	29	137	6	4	167	4	0	4	0	0	49	0	18	152	4	11	26	138	81	60	17	0	63	2	30	65	29	0	74	22	0	8	15	0	0	4	6	0	0	0	37	33	0	4	47	15	118	83	14	54	14	43	17	32	47	9	23	33	23	36	52	0	0	0	12	19	0	22	72	13	2	52	45	213	4	67	51	0	55	1855	44	23	0	13	0	24	18	48	0	0	12
o:Prorocentrales	0	0	0	0	0	0	52	0	0	0	0	0	0	0	0	0	0	0	0	0	0	0	0	0	0	0	0	0	0	0	0	0	0	0	0	0	0	0	0	0	0	0	0	0	0	0	0	0	0	0	0	0	0	0	0	0	0	0	0	0	0	0	0	0	0	0	0	0	0	0	0	0	0	0	0	0	0	0	0	0	0	0	0	0	0	0	0	0	0	0	0	0	0	0	0	0	0	0	0	0	0	0	0	0	0	0	0	0	0	0	0	0	0	0	0	0	0	0	0	0	0	0	0	0	0	0	0	0	0	0	0	0	0	0	16	0	0	0	0	0
o:Prorodontida	40	37	0	0	56	0	12	0	0	19	0	0	24	0	0	0	0	0	0	0	0	0	0	3	0	0	0	0	0	106	0	52	121	0	2	0	0	0	0	0	0	12	0	0	0	45	0	19	22	45	45	54	245	41	44	55	20	50	20	93	42	38	72	60	0	6	75	57	63	10	55	186	54	39	59	0	13	26	0	12	0	15	31	0	0	0	24	23	0	10	8	18	51	16	81	38	31	15	43	26	0	0	0	4	0	5	0	57	46	0	64	0	0	0	0	21	6	0	38	0	0	0	14	16	0	13	0	0	0	0	32	61	0	0	0	0	27	0	0	0
o:Protosteliida	0	0	0	0	0	0	0	0	0	0	0	0	0	0	0	0	0	0	0	0	0	0	0	0	0	0	0	0	0	0	0	0	0	0	0	0	0	0	0	0	0	0	0	0	0	0	0	0	0	0	0	0	0	0	0	0	0	0	0	0	0	0	0	0	0	0	0	0	5	0	0	0	0	0	0	0	0	0	0	0	0	0	0	0	0	0	0	0	0	0	0	0	0	0	0	0	0	0	0	0	0	0	0	0	0	0	0	0	0	0	0	0	0	0	0	0	0	0	0	0	0	0	0	0	0	0	0	0	0	0	0	0	0	0	0	0	0	0	0	0
o:Prymnesiales	0	0	0	0	0	0	4	0	0	0	0	0	0	0	0	0	0	0	0	0	0	0	0	0	0	0	0	0	0	0	0	0	0	0	0	0	0	0	0	0	0	0	0	0	0	0	0	0	0	0	0	0	0	0	0	0	0	0	0	0	0	0	0	0	0	0	0	0	0	0	0	0	5	0	0	0	0	0	0	0	0	0	0	0	0	0	0	0	0	0	0	0	0	0	0	0	0	0	0	0	0	0	0	0	0	0	0	0	0	0	0	0	0	0	0	0	0	0	0	0	0	0	0	0	0	0	0	0	0	0	0	0	0	0	0	0	0	0	0	0
o:Pseudodendromonadales	135	56	921	1855	2211	2082	2872	1230	2536	474	1010	1521	19	3023	1510	2785	1203	3219	2096	625	2420	608	959	35	1488	1340	1594	1226	1728	1632	614	327	364	711	0	1182	553	764	480	255	345	49	113	299	0	23	0	85	59	110	105	115	50	90	80	76	38	25	48	39	67	41	78	108	211	222	122	462	393	213	236	109	192	114	66	231	46	107	51	109	301	153	153	187	97	60	89	174	121	135	230	111	415	250	3	12	78	52	85	241	17	63	8	14	27	32	56	120	178	308	286	480	471	649	1531	1556	1736	155	71	92	284	337	6	518	130	2	340	614	879	83	762	2211	922	1285	655	406	697	247	286	73
o:Pseudoperkinsidae	0	0	0	0	0	0	0	0	0	0	0	0	0	0	0	0	0	0	0	0	0	0	0	0	0	0	0	0	0	0	0	0	0	0	0	0	0	0	0	0	0	0	0	0	0	0	0	0	0	0	0	0	0	0	0	3	0	0	0	0	0	0	0	0	0	0	0	0	0	0	0	0	0	0	0	0	0	0	0	0	0	0	13	0	0	0	18	0	0	0	0	0	0	0	0	0	5	0	0	0	0	0	0	0	0	0	0	0	0	0	0	0	0	0	0	0	0	0	0	0	0	0	0	0	0	0	0	0	228	0	0	0	0	0	0	0	0	0	0	0
o:Pseudophyllomitidae	0	15	0	0	0	0	0	0	0	0	0	0	11	0	0	0	0	0	0	0	0	0	0	75	0	0	0	0	0	0	0	0	0	0	12	0	0	0	0	0	0	6	0	0	0	0	0	0	0	0	0	3	0	0	0	0	0	0	0	0	0	10	0	0	0	7	0	5	0	0	8	0	0	0	0	0	0	0	0	0	0	0	0	0	0	0	0	0	0	0	0	0	0	0	0	0	0	0	0	0	0	0	0	0	9	3	0	0	0	0	0	0	0	0	0	0	0	21	0	0	0	0	0	0	0	0	0	0	0	0	0	0	0	0	0	0	0	0	0	0
o:Psorospermidae	0	0	0	0	0	0	0	0	0	0	0	0	0	0	0	0	0	0	0	0	0	0	0	0	0	0	0	0	0	0	0	0	0	0	0	0	0	0	0	0	0	0	0	0	0	0	0	0	0	0	0	0	0	0	0	0	0	0	0	0	0	0	0	0	0	0	0	0	0	0	0	0	0	0	0	0	0	0	0	0	0	0	23	22	0	0	0	26	4	40	64	53	31	33	0	0	0	0	0	0	0	0	0	0	0	0	0	0	0	0	0	0	0	0	0	0	0	0	0	0	0	0	0	0	0	0	0	0	0	0	0	0	0	0	0	0	0	0	0	0
o:Pterista	0	0	0	0	0	0	0	0	0	0	0	0	14	0	0	0	0	0	0	0	0	0	0	151	0	0	0	0	0	0	0	0	0	0	49	0	0	0	0	101	0	84	0	0	0	8	0	14	8	3	0	3	0	0	3	0	0	0	0	3	14	0	28	0	0	0	0	0	0	0	0	8	0	0	0	0	0	0	0	0	0	0	0	0	0	0	0	0	0	0	0	0	17	17	52	39	5	0	6	6	12	23	28	38	40	98	104	0	12	0	0	0	0	0	0	0	0	0	0	0	456	0	0	0	0	7	0	0	0	0	0	0	0	0	0	0	0	0	0	0
o:Pyrenomonadales	2	7	0	0	0	0	0	0	0	0	0	0	0	0	0	0	0	0	0	0	0	0	0	0	0	0	0	0	0	0	0	0	0	0	1	0	0	0	0	0	0	0	0	0	0	4	0	0	8	9	0	0	9	0	0	0	4	2	0	0	0	0	3	5	0	5	3	7	8	0	0	0	0	0	8	0	0	2	0	0	0	0	0	0	0	0	0	0	0	0	0	3	0	0	0	0	0	0	0	0	5	0	5	0	1	0	0	3	0	0	0	0	0	0	0	0	0	0	4	0	0	0	3	0	0	6	0	0	0	16	0	0	0	0	0	0	0	0	0	0
o:Rhabdonematales	8	0	0	0	0	0	0	0	0	0	0	0	0	0	0	0	0	0	0	0	0	0	0	0	0	0	0	0	0	0	0	0	0	0	0	0	0	0	0	0	0	0	0	0	0	0	0	0	0	0	5	0	6	0	0	0	0	0	0	0	0	0	0	0	0	0	0	0	0	0	0	0	0	0	8	0	0	0	0	0	0	0	0	0	0	0	0	0	0	0	0	0	0	0	0	0	0	0	0	0	0	0	0	0	0	0	0	0	2	0	0	0	0	0	0	0	0	0	0	0	0	0	0	0	0	0	0	0	0	0	0	0	0	0	0	0	0	0	0	0
o:Rhizosoleniales	0	0	0	0	0	0	0	0	0	0	0	0	0	0	0	0	0	0	0	0	0	0	0	0	0	0	0	0	0	0	0	0	0	0	0	0	0	0	0	0	0	0	0	0	0	0	0	0	0	0	0	0	7	0	0	0	0	0	0	0	0	0	8	0	6	0	11	0	0	0	0	0	0	0	0	0	0	0	0	0	0	0	0	0	0	5	0	0	0	0	0	0	0	0	0	0	0	0	0	0	0	0	0	0	0	3	0	0	0	0	0	0	0	0	0	0	0	0	4	0	0	0	0	0	0	0	0	0	0	0	0	0	0	0	0	0	0	0	0	0
o:Rhynchostomatia	0	0	0	0	0	0	0	0	0	0	0	0	0	0	0	0	0	0	0	0	0	0	0	0	0	0	0	0	0	0	0	0	0	0	0	0	0	0	0	0	0	0	0	0	0	0	0	0	0	0	0	0	0	6	7	5	0	2	0	2	0	0	10	0	0	0	12	0	5	0	0	0	0	0	0	0	0	0	0	0	0	0	0	0	0	0	0	3	0	0	0	0	0	0	0	0	0	0	0	0	0	0	0	0	0	0	0	0	0	0	0	0	0	0	0	0	0	0	0	0	0	0	0	0	0	0	0	0	0	0	0	0	0	0	0	0	0	0	0	0
o:Rhynosporidae	0	0	0	0	0	0	27	14	0	0	0	0	0	0	0	0	0	0	94	85	49	0	0	0	0	0	0	388	29	0	145	0	0	0	0	0	0	0	0	0	0	0	0	0	0	0	0	0	0	0	0	0	0	0	0	0	0	0	0	0	0	0	0	0	0	0	0	8	4	0	0	0	0	0	0	0	0	0	0	0	0	0	0	4	0	0	0	0	0	0	2	0	0	0	0	0	0	0	0	0	0	0	0	0	0	0	0	0	0	0	0	0	44	46	168	0	0	14	0	0	0	10	0	35	0	0	0	0	0	0	0	0	24	0	16	0	0	0	0	15
o:Scuticociliatia_1	0	0	0	0	0	0	0	0	0	0	0	0	0	0	0	0	0	0	0	0	0	0	0	0	0	0	59	0	168	47	0	119	80	0	0	29	42	0	0	0	0	0	0	0	0	0	0	0	0	14	0	11	15	0	8	23	11	0	0	0	0	0	4	14	0	0	0	16	0	5	35	10	6	12	12	13	6	13	12	25	6	0	10	0	7	14	0	9	10	18	12	8	45	27	24	12	0	10	0	7	0	0	0	0	0	0	0	0	0	0	51	0	0	37	0	0	0	0	0	50	0	0	0	14	0	3	0	0	0	7	0	0	0	0	0	0	0	0	0	0
o:Scuticociliatia_2	0	43	0	0	0	0	0	0	0	0	0	0	35	0	0	0	0	0	0	0	0	0	0	94	0	0	0	0	0	0	0	0	0	0	21	0	0	0	0	0	0	0	0	0	0	6	0	13	12	36	49	19	0	15	0	4	0	0	0	8	0	0	0	0	3	6	0	0	0	0	0	5	0	0	10	0	0	0	0	0	0	0	0	0	0	0	0	0	0	0	0	0	0	0	0	0	4	0	0	0	0	0	0	0	0	0	0	0	2	43	0	0	0	0	0	0	0	38	0	6	11	0	0	6	0	9	0	0	0	0	0	0	0	0	0	0	0	0	0	0
o:Sphaeropleales	46	14	0	21	0	0	0	30	62	0	0	0	0	0	0	131	0	0	0	0	68	0	0	0	0	0	21	0	0	0	0	0	0	0	12	0	24	112	113	90	191	145	0	0	0	119	0	99	198	182	119	141	186	33	0	14	6	14	9	13	7	6	42	355	148	88	8	141	43	15	72	30	2	3	170	35	82	25	18	109	79	38	20	21	0	409	10	6	14	134	28	8	57	47	15	4	324	0	4	108	34	45	34	23	50	99	50	47	62	220	0	0	94	26	0	0	0	43	41	0	20	27	336	95	141	583	30	42	196	58	0	0	0	0	11	6	0	23	0	188
o:Spongomonadida	52	0	0	0	0	0	0	0	0	0	0	0	0	0	0	0	0	0	0	51	0	0	0	0	0	0	0	0	0	0	0	0	0	0	0	0	0	53	0	0	0	0	0	0	0	0	0	0	20	29	34	0	18	17	0	33	29	14	0	0	0	8	0	40	48	0	0	24	2	0	0	0	0	0	0	0	0	0	0	0	0	0	0	58	0	0	0	0	0	0	32	0	0	0	0	16	19	6	25	23	6	0	16	0	0	13	0	22	65	0	0	0	0	0	0	0	0	10	25	0	0	0	0	0	0	0	32	0	0	41	0	0	0	0	0	0	0	0	0	15
o:Suctoria	0	0	0	0	0	0	0	0	0	0	0	0	0	0	0	0	0	0	0	0	0	0	0	0	0	0	0	0	0	0	0	0	0	0	0	0	0	0	0	0	0	0	0	0	0	0	0	0	7	0	11	0	0	0	0	0	0	0	0	4	3	13	18	3	0	0	0	0	0	0	0	0	0	0	0	0	0	0	0	0	0	0	0	0	0	0	0	0	0	0	0	0	0	0	0	0	0	0	0	0	0	0	0	0	0	0	0	0	0	0	0	0	0	0	0	0	0	0	0	0	0	0	0	0	0	24	0	0	0	3	0	0	0	0	0	0	0	0	0	0
o:Suessiales	0	0	0	0	57	0	0	0	0	0	0	0	0	0	0	0	0	0	0	0	0	0	0	0	0	0	0	0	0	0	0	0	0	0	0	0	0	0	0	9	0	0	0	0	0	0	0	0	0	0	0	0	0	0	0	15	0	0	0	0	0	0	0	0	0	0	0	9	6	0	0	0	0	0	0	0	0	0	0	0	0	0	0	0	0	0	0	0	0	0	0	0	0	0	0	0	0	0	0	0	0	0	0	0	0	0	0	0	0	0	0	0	0	0	0	0	0	0	0	0	0	0	0	0	0	0	0	0	0	0	0	0	0	0	0	0	0	0	0	0
o:Surirellales	97	0	0	0	0	0	0	0	0	0	0	0	0	0	0	0	0	0	0	0	0	0	0	0	0	0	0	0	0	0	0	0	0	0	8	0	35	35	0	0	0	0	0	0	0	0	0	7	0	0	10	0	219	0	0	0	0	0	0	0	0	0	19	284	87	0	0	27	0	0	0	0	0	0	222	0	0	0	0	41	155	0	47	10	14	159	9	33	73	18	14	17	0	0	0	0	210	0	19	11	0	0	0	12	0	15	0	18	270	0	0	0	140	735	0	36	0	47	36	0	0	0	11	0	0	10	0	0	0	57	0	0	0	0	0	0	0	0	0	37
o:Synhymenia	0	0	0	0	0	0	0	0	0	0	0	0	0	0	0	0	0	0	0	0	0	0	0	0	0	0	0	0	0	0	0	0	0	0	0	0	0	0	0	0	0	0	0	0	0	0	0	0	0	0	0	0	0	0	0	0	0	0	0	0	0	0	0	0	0	0	0	0	0	0	0	0	0	0	0	0	0	0	0	0	0	0	0	0	0	0	0	0	0	0	5	0	0	0	0	0	0	0	0	0	0	0	0	0	0	0	0	0	0	0	0	0	0	0	0	0	0	0	0	0	0	0	0	0	0	0	0	0	0	0	0	0	0	0	0	0	0	0	0	0
o:Synurales	41	102	0	0	0	0	36	0	0	28	0	0	73	0	0	0	0	0	0	0	0	0	0	23	0	0	0	0	0	0	0	0	0	0	30	0	0	0	0	13	0	40	0	0	0	8	0	28	65	0	264	122	472	431	201	457	245	187	169	189	100	3	138	138	94	30	93	53	19	49	31	45	82	47	171	46	17	35	8	45	23	11	0	25	22	794	0	26	23	68	12	0	0	0	0	3	531	0	0	28	0	12	26	26	20	6	15	623	116	0	0	32	31	104	94	72	0	92	1160	118	0	0	0	0	31	42	0	0	357	832	0	0	6	0	0	0	0	0	0	81
o:Thalassiophysales	0	0	0	0	0	0	0	0	0	0	0	0	0	0	0	0	0	0	0	0	0	0	0	0	0	0	0	0	0	0	0	0	0	0	0	0	0	0	0	0	0	0	0	0	0	0	0	0	0	0	0	0	0	0	0	0	0	0	0	0	0	0	0	0	0	0	0	0	0	0	0	0	0	0	0	0	0	0	0	0	0	0	0	0	0	0	0	0	0	7	0	0	0	0	0	0	0	0	0	9	0	0	0	0	0	0	0	0	0	0	0	0	0	0	0	0	0	0	0	0	0	0	0	0	0	0	0	0	0	0	0	0	0	0	0	0	0	0	0	0
o:Thalassiosirales	29	181	28	0	0	0	152	40	0	185	213	103	56	137	16	2242	277	0	27	33	33	94	90	8	0	262	0	0	0	0	0	0	0	0	21	58	86	95	277	554	223	1345	336	0	0	3279	0	2112	286	484	187	137	44	63	251	179	357	446	363	372	160	213	1050	122	1242	462	345	246	57	234	892	594	659	1197	124	2420	1122	1166	843	640	1046	804	264	434	242	218	319	351	258	311	199	222	187	212	24	73	1360	19	108	575	449	481	587	302	333	605	498	272	108	0	0	26	0	113	42	432	0	491	1209	0	0	9	6139	189	297	1270	50	72	257	275	30	84	77	105	206	0	98	0	370	1804
o:Thaumatomonadida	73	61	0	0	0	0	0	0	0	0	0	0	64	0	0	0	0	0	0	0	0	0	0	167	0	0	0	0	0	0	0	0	0	0	101	0	0	0	0	0	0	0	0	0	0	11	0	15	33	36	33	15	179	43	24	50	15	0	0	0	0	0	0	142	0	0	0	0	8	23	32	50	8	21	113	100	34	31	24	34	9	0	0	0	0	90	0	0	0	0	0	0	0	0	0	0	82	0	0	9	0	0	0	0	0	0	0	64	107	0	0	0	0	26	0	69	0	105	32	73	579	9	15	0	0	23	22	0	0	209	0	0	0	0	0	0	0	0	0	0
o:Tremulida	0	0	0	0	0	0	0	0	0	0	0	0	0	0	0	0	0	0	0	0	0	0	0	0	0	0	0	0	0	0	0	0	0	0	0	0	0	0	0	0	0	0	0	0	0	0	0	0	0	0	0	0	0	0	0	15	8	0	0	0	0	0	0	0	0	0	0	0	0	0	0	0	0	0	0	0	0	0	0	0	0	0	0	0	0	0	0	0	0	0	0	0	0	0	0	0	0	0	0	0	0	0	0	0	0	0	0	7	0	0	0	0	16	0	0	0	0	0	0	0	0	0	0	0	0	0	0	0	0	0	0	0	0	0	0	0	0	0	0	0
o:Ulotrichales	0	0	0	0	0	0	0	0	0	0	0	0	0	0	0	0	0	0	0	0	0	0	0	0	0	0	0	0	0	0	0	0	0	0	0	0	0	0	0	0	0	0	0	0	0	0	0	0	0	0	0	0	0	0	0	0	0	0	0	0	0	0	0	0	0	0	0	0	0	0	0	0	0	0	0	0	0	0	0	0	0	0	0	0	0	0	0	0	0	0	0	0	0	0	0	0	5	0	0	0	0	0	0	0	0	0	0	0	0	0	0	0	0	0	0	0	0	0	0	0	0	0	0	0	0	0	0	0	0	0	0	0	0	0	0	0	0	0	0	0
o:Vampyrellida	0	0	0	0	56	181	0	60	0	0	0	0	0	47	23	321	342	0	90	0	10	0	36	0	9	179	0	37	0	137	253	59	109	0	0	0	0	0	22	122	0	369	151	40	0	765	0	102	76	357	28	17	6	6	0	0	4	0	0	0	0	0	613	0	88	52	51	97	54	43	88	0	0	0	0	17	11	4	25	32	33	7	29	22	56	0	24	30	5	14	26	14	137	83	11	13	15	0	8	36	7	0	59	117	281	388	236	0	57	48	0	30	0	29	0	14	0	0	0	0	22	0	681	129	73	237	28	118	178	0	0	0	0	51	13	0	0	0	43	21
o:Ventricleftida	0	0	0	73	0	0	0	0	0	0	0	0	0	0	0	0	0	0	0	0	0	0	0	0	0	0	0	0	0	0	0	0	0	0	0	0	0	0	0	0	0	0	0	0	0	0	0	0	0	0	0	0	0	0	0	0	0	0	0	0	0	14	0	0	0	0	25	15	0	0	0	0	0	0	0	0	0	0	0	0	0	0	0	0	0	0	0	0	0	0	0	0	0	0	0	0	0	0	0	0	0	0	0	0	0	0	0	0	0	0	0	71	0	0	0	0	0	0	0	0	0	0	0	0	0	0	0	0	0	0	0	0	0	0	10	0	0	0	0	0
o:Watanabea-Clade	0	0	0	0	0	0	0	18	0	0	0	0	0	0	0	0	0	0	0	0	0	0	0	0	0	0	0	0	0	0	0	0	0	0	0	0	16	0	0	0	0	0	0	0	0	0	0	0	0	0	0	0	0	0	0	0	0	0	0	0	0	0	0	0	0	0	0	0	0	0	0	0	0	0	0	0	0	0	0	0	0	0	0	0	0	0	0	0	0	0	0	0	0	0	0	0	0	0	0	10	0	0	0	0	0	0	0	0	0	0	0	0	0	0	0	0	0	0	0	0	0	0	0	0	0	0	0	0	0	0	0	0	0	0	0	0	0	0	0	0
Unclassified	12394	10572	7309	15187	8631	11981	30975	16790	26280	19962	22897	23507	5679	46804	20392	40431	7676	4880	4169	3252	5448	5556	5682	8871	8669	13568	10987	6833	15454	21630	28417	27968	20434	10610	4653	15876	9173	3319	6469	13916	8757	17811	7601	4659	0	3973	0	5332	5497	8034	7143	6140	9257	7006	5832	7149	4363	7171	6955	7462	3726	6150	35549	7346	8244	4789	16189	12698	6938	8210	12531	13981	13337	17875	7422	36343	11909	13001	9500	8479	11111	7496	4787	8533	5404	8772	6750	8005	8416	10136	11059	8217	9649	7326	4631	3581	9608	2793	4227	8085	4007	5777	7266	6935	5310	11780	13592	6708	20859	13598	14313	10275	12578	11378	6824	12349	14028	21668	7299	4855	13777	16773	6047	12429	14549	6489	9988	28915	17832	11230	9534	9572	5965	11629	10593	10187	10840	10552	21122	6121
