Group.1	X1	X10	X100	X101	X102	X103	X104	X105	X106	X107	X108	X109	X11	X110	X111	X112	X113	X114	X115	X116	X117	X118	X119	X12	X120	X121	X122	X123	X124	X125	X126	X127	X128	X129	X13	X130	X131	X132	X133	X134	X135	X136	X137	X138	X139	X14	X140	X15	X16	X17	X18	X19	X2	X20	X21	X22	X23	X24	X25	X26	X27	X28	X29	X3	X30	X31	X32	X33	X34	X35	X36	X37	X38	X39	X4	X40	X41	X42	X43	X44	X45	X46	X47	X48	X49	X5	X50	X51	X52	X53	X54	X55	X56	X57	X58	X59	X6	X60	X61	X62	X63	X64	X65	X66	X67	X68	X69	X7	X70	X71	X72	X73	X74	X75	X76	X77	X78	X79	X8	X80	X81	X82	X83	X84	X85	X86	X87	X88	X89	X9	X90	X91	X92	X93	X94	X95	X96	X97	X98	X99
o:Achnanthales	0	0	0	0	0	0	0	0	0	0	0	0	0	0	0	0	0	0	0	0	0	0	0	0	0	0	0	0	0	0	0	0	0	0	0	0	0	0	0	0	0	0	0	0	0	0	0	0	0	0	0	0	0	0	0	0	0	0	0	4	0	0	0	0	0	0	0	0	0	0	0	0	0	0	0	0	0	0	0	7	0	0	0	0	0	0	0	4	0	0	0	0	0	0	0	0	0	0	0	0	0	0	0	0	0	0	0	0	0	0	0	0	0	0	0	0	0	0	0	0	0	0	0	0	0	0	0	0	0	0	0	0	0	0	0	0	0	0	0	0
o:Apoikiales	25	14	124	106	0	0	0	0	0	0	21	0	9	0	3	0	0	0	0	0	0	0	0	5	0	0	0	0	0	0	0	0	0	0	21	0	35	0	4	27	0	1	105	0	0	9	0	5	13	15	15	1	3	13	36	108	80	6	10	7	9	7	0	30	15	4	6	12	7	0	0	0	0	0	76	0	0	6	5	0	4	0	0	0	0	42	0	0	0	0	0	0	0	0	0	0	31	0	0	0	0	1	2	7	0	5	11	30	82	112	114	364	254	336	332	183	69	21	18	140	23	30	0	18	11	13	0	0	0	18	92	504	149	89	11	27	96	0	0	0
o:Apostomatia	0	0	0	0	0	0	0	0	0	0	0	0	0	0	0	0	0	0	0	0	0	0	0	0	0	0	0	0	0	0	0	0	0	0	0	0	0	0	0	0	0	0	0	0	0	0	0	0	0	0	0	0	0	0	0	0	0	0	0	0	0	0	0	0	0	0	7	0	0	0	0	0	0	0	0	0	0	0	0	0	0	0	0	0	0	0	0	0	0	0	0	0	0	0	0	0	0	0	0	0	0	0	0	0	0	0	0	0	0	0	0	0	0	0	0	0	0	0	0	0	0	0	0	0	0	0	0	0	0	0	0	0	0	0	0	0	0	0	0	0
o:Aulacoseirales	78	220	60	0	0	59	136	0	0	0	24	0	63	120	8	189	0	0	0	0	0	0	0	187	0	0	0	0	0	0	0	0	152	0	141	0	78	86	117	14	0	33	0	0	0	38	0	32	10	16	82	7	139	176	64	24	10	4	0	26	6	7	81	34	621	203	14	15	22	117	40	159	94	185	31	96	113	237	115	60	25	6	83	66	47	11	7	187	41	107	7	31	13	50	66	13	139	0	15	148	36	37	35	9	12	40	38	117	154	0	0	0	0	0	66	127	0	1407	21	27	1284	104	177	0	6	104	0	0	1138	25	23	0	23	0	0	0	99	0	37	814
o:Bacillariales	58	17	0	0	49	0	0	0	76	32	0	0	11	0	0	339	0	0	0	0	0	0	0	41	0	0	0	0	0	0	0	0	193	0	26	36	26	0	50	205	0	98	0	0	0	14	0	20	13	18	18	38	72	43	20	108	72	31	44	26	31	33	44	9	32	7	44	56	9	35	50	19	60	39	70	107	84	28	60	19	46	8	20	6	15	57	28	33	43	6	33	14	56	72	29	0	42	0	32	163	43	58	60	58	6	54	34	17	118	0	0	0	0	0	119	0	0	77	22	7	161	0	34	0	46	15	0	0	449	27	0	0	15	0	0	0	0	0	37	74
o:Bicoecales	12	0	76	0	0	0	0	0	0	0	0	0	11	0	0	0	0	0	0	0	0	0	0	24	0	0	0	0	0	0	0	0	0	0	17	0	0	0	0	0	0	12	0	0	0	0	0	13	20	31	48	32	17	11	0	14	0	0	0	12	0	8	50	0	0	15	17	54	12	45	5	7	18	9	0	21	4	0	16	6	7	0	0	0	0	5	0	0	0	0	0	0	0	10	0	5	0	0	0	12	0	0	0	3	0	0	0	0	70	0	0	8	0	0	0	0	0	73	5	0	8	0	13	0	0	43	0	0	0	0	0	0	0	0	0	0	0	0	0	0
o:Cercomonadida	0	0	0	0	0	0	0	23	0	0	18	0	0	0	0	0	0	0	0	0	0	0	0	0	0	0	12	0	40	0	0	0	0	0	0	28	0	0	0	0	0	0	0	0	0	0	0	6	0	0	2	0	32	0	5	0	0	0	0	0	0	0	0	4	7	0	0	0	5	0	0	0	0	3	0	0	0	0	0	0	0	0	0	0	0	0	0	0	4	0	0	0	0	5	0	0	0	0	0	0	0	0	0	2	0	2	1	0	0	0	0	244	70	0	0	0	7	0	0	0	0	0	6	0	19	0	0	0	0	0	0	61	0	34	0	0	0	0	0	0
o:Chaetocerotales	0	0	0	0	0	0	0	0	0	0	0	0	0	0	0	0	0	0	0	0	0	0	0	0	0	0	0	0	0	0	0	0	0	0	0	0	0	0	0	0	0	9	0	0	0	0	0	0	0	0	0	0	0	0	0	0	0	6	14	10	0	0	33	0	0	18	10	4	4	0	8	0	10	5	0	11	0	11	5	0	0	0	0	0	0	0	0	0	0	0	0	0	0	0	0	0	9	0	4	0	0	0	3	0	6	0	8	2	5	0	0	0	0	0	0	0	0	0	0	0	0	0	0	0	0	0	0	0	0	0	0	0	0	0	0	0	0	0	0	17
o:Choreotrichida	504	3217	3673	1873	3365	550	275	429	4094	1597	327	845	2807	2941	180	5984	3389	1616	1119	862	1443	616	668	2713	168	135	334	706	11658	310	295	5119	9894	10892	1480	2034	1332	10930	8347	9445	3225	650	509	255	0	2691	0	5801	1975	3929	5747	2712	813	2080	1855	3156	1710	3527	3019	2721	1656	1957	5046	3014	10592	6430	3629	10155	5308	1659	5081	7306	2144	6676	3044	4595	2738	2110	2067	4710	8016	7700	3921	4231	2748	3171	3231	3590	1888	5989	6531	6542	2581	1169	6649	3407	3209	8042	6418	2564	3747	3218	2920	1436	437	269	297	2297	435	1133	5801	312	1485	1240	4770	811	2604	3211	911	5462	610	1145	2108	8316	4066	1558	369	1133	0	1936	433	2200	498	2326	736	795	475	2280	1113	8464
o:Choreotrichida-Tintinnina	695	3242	228	206	0	56	65	47	73	38	18	0	2671	0	0	263	0	0	0	36	33	567	189	8030	524	240	0	80	571	50	113	368	757	421	6375	143	144	904	1491	1381	1495	4005	1041	1002	0	736	0	1209	2014	1240	3015	2702	1889	1699	2240	1925	938	2062	899	1205	817	691	2904	3970	2260	2122	1308	1227	522	934	460	1183	963	1403	3099	1070	580	741	372	180	306	831	2621	3367	2412	3356	1826	2558	2088	4325	850	1604	538	688	1164	1616	2511	1707	1840	4117	3307	3457	4425	4702	1151	1491	2405	2405	1428	650	701	90	105	996	225	299	228	4293	2073	666	731	292	613	1603	307	883	537	492	0	1339	0	425	65	0	170	71	0	121	225	2666
o:Chromulinales	2	20	0	0	0	0	0	0	0	0	0	0	0	0	0	0	0	99	0	0	0	0	0	0	0	0	62	0	0	0	74	0	0	0	0	0	30	0	0	25	0	3	0	56	0	2	0	6	0	18	14	6	30	0	8	0	20	5	22	26	5	2	33	0	11	4	19	42	3	11	51	32	253	61	71	335	179	145	131	63	8	0	0	4	0	10	0	0	0	0	0	0	0	0	0	0	45	0	16	12	0	2	0	0	12	11	6	8	17	0	0	0	21	36	0	4	0	63	15	0	0	18	0	0	47	0	0	22	0	16	0	0	0	17	0	0	0	0	0	27
o:Chrysophyceae_Clade-EC2H	17	35	298	3632	1013	325	88	9	101	0	29	42	21	341	52	202	146	1213	2282	1178	2804	969	1098	39	1854	1715	1520	4401	5308	1983	1718	745	653	203	39	783	434	293	343	364	612	30	735	610	0	10	0	30	23	41	42	44	13	43	60	49	72	0	18	40	48	65	57	0	45	36	78	93	16	0	0	0	0	0	20	0	0	0	0	0	26	39	58	41	26	90	14	10	0	14	140	59	30	45	0	0	73	12	0	18	0	0	0	11	30	25	16	58	85	774	381	1113	1485	1525	945	676	524	103	1	193	165	361	0	251	272	0	493	888	321	30	1574	1164	1289	637	621	396	1537	1210	300	32
o:Chrysophyceae_Cluster-I	6	80	0	0	0	0	0	0	0	0	0	0	23	0	0	0	0	0	0	0	0	0	0	43	0	0	0	0	0	0	0	0	0	0	48	0	0	0	0	0	0	0	0	0	0	35	0	42	24	42	26	14	44	18	7	0	0	7	6	14	12	0	104	12	12	23	41	55	33	50	79	60	0	0	36	0	0	0	0	0	5	0	0	0	0	14	0	0	0	0	0	0	0	0	0	0	11	0	0	0	0	0	0	0	0	0	0	23	9	0	0	94	0	0	0	93	0	33	31	19	0	0	17	12	54	13	0	0	0	11	0	0	0	0	0	0	0	0	0	12
o:Chrysophyceae_Cluster-II	8	177	0	0	0	0	0	0	0	0	0	0	0	0	0	0	0	0	0	0	0	0	0	4	0	0	0	0	0	0	0	0	0	0	2	0	0	0	0	0	0	0	0	0	0	26	0	0	0	30	11	18	19	2	0	0	2	13	33	18	30	7	236	0	0	65	74	21	35	26	4	9	0	0	11	0	0	0	0	0	0	0	0	0	0	18	0	0	0	0	0	0	0	0	0	0	9	0	0	6	0	0	0	0	0	0	0	5	9	0	0	0	0	8	0	74	0	88	31	0	0	0	14	0	0	3	0	0	0	4	0	0	0	0	0	0	0	0	0	16
o:Chrysophyceae_env_clade-I	59	242	1974	5182	425	1011	875	731	351	114	534	124	60	673	1048	4652	2701	10438	9351	2650	3712	2204	1431	119	3721	4476	2497	3546	3617	4626	1213	828	28	915	37	4998	3601	1839	2841	1943	557	60	723	287	0	96	0	134	54	81	166	122	19	792	285	371	559	78	85	106	241	66	249	84	313	561	549	437	215	95	47	96	0	65	73	49	51	58	26	83	790	541	260	234	129	190	124	150	139	210	243	120	359	203	4	8	181	27	39	206	48	137	43	50	131	173	125	172	174	919	741	2486	2553	1611	1327	1496	2129	58	53	544	385	409	45	603	235	11	1174	3444	5156	96	5466	1309	4005	2034	1764	1742	5250	741	756	232
o:Chrysosaccales	0	0	0	0	0	0	0	32	0	0	0	0	0	0	0	0	0	0	0	0	0	0	0	0	0	0	0	0	0	0	0	0	0	0	4	0	0	0	0	0	0	0	0	0	0	0	0	0	0	0	2	0	0	0	21	29	18	0	7	6	3	0	0	0	13	5	0	0	0	0	8	7	0	0	0	0	0	0	0	0	0	0	0	0	0	0	0	0	0	0	0	0	0	0	0	0	41	0	0	0	0	0	0	0	0	0	0	4	0	0	0	0	0	35	0	0	0	0	20	0	0	0	0	0	0	0	0	0	0	4	0	141	4	0	7	0	0	0	74	8
o:Colpodellida	20	66	0	355	515	25	72	78	679	69	19	0	58	386	28	0	0	0	0	0	165	70	0	79	1010	484	0	0	0	207	116	0	0	532	86	968	1101	1118	1118	3555	850	551	974	291	0	28	0	10	62	0	81	77	201	62	152	789	233	53	97	163	47	77	184	42	55	21	265	580	525	115	274	377	192	173	45	250	145	192	103	51	24	16	13	5	13	10	24	21	60	53	11	0	40	58	14	43	117	73	144	699	204	557	640	432	673	376	278	49	96	0	0	434	208	51	0	0	0	119	33	0	48	336	8	0	36	23	0	7	0	60	42	0	66	15	0	0	0	0	88	13
o:Cryomonadida	113	68	0	0	233	0	0	0	0	64	21	0	53	0	0	0	0	0	0	0	0	0	0	178	0	0	0	0	0	0	0	0	0	0	103	0	21	0	9	0	0	7	0	0	0	3	0	13	23	45	79	68	344	26	58	41	41	34	37	53	6	4	156	252	41	0	171	264	106	84	62	117	174	100	159	139	71	96	16	23	36	0	0	0	0	153	0	0	0	28	0	0	14	16	14	69	239	14	23	48	0	0	4	0	0	2	10	99	181	48	33	12	0	111	74	21	11	199	69	35	187	8	22	0	17	124	20	0	0	97	12	0	0	0	0	29	54	0	38	12
o:Cymbellales	0	0	0	0	0	0	0	0	0	0	0	0	0	0	0	0	0	0	0	0	0	0	0	0	0	0	0	0	0	0	0	0	0	0	0	0	0	0	0	0	0	0	0	0	0	0	0	0	0	0	0	0	0	0	0	0	0	0	0	0	0	0	0	0	0	0	0	0	0	0	0	0	0	0	0	0	0	0	0	0	0	0	0	0	0	0	0	0	0	0	0	0	0	0	0	0	0	0	0	0	0	0	0	0	0	0	0	0	0	0	0	0	0	0	0	0	0	0	0	0	0	0	0	0	0	0	0	0	0	0	0	0	0	0	19	0	0	0	0	0
o:Cyrtophoria_4	0	0	0	0	0	0	0	0	0	0	0	0	0	0	0	0	0	0	0	0	0	0	0	0	0	0	45	48	0	0	0	0	115	0	0	0	31	70	56	143	444	243	0	107	0	442	0	169	0	57	4	0	0	0	0	0	0	14	0	0	0	0	0	0	0	193	0	0	0	0	0	0	0	0	0	0	0	0	22	8	13	0	0	0	0	0	0	0	15	153	22	11	6	0	0	74	9	0	0	0	8	26	30	266	136	96	197	10	0	0	0	27	0	10	0	0	42	0	0	0	0	0	270	175	0	88	0	0	0	6	0	0	0	0	0	0	0	0	0	0
o:Cyrtophoria_7	0	0	0	0	0	0	0	0	0	0	0	0	0	0	0	0	0	0	0	0	0	0	0	0	0	0	0	0	0	0	0	0	0	0	3	0	0	0	0	0	0	0	0	0	0	0	0	0	0	0	0	0	0	0	5	64	36	11	0	4	0	5	0	0	0	0	0	17	0	3	38	0	0	0	0	0	8	0	0	0	0	0	0	0	0	0	0	0	4	0	0	0	11	49	0	0	0	0	0	0	0	0	0	2	0	0	0	0	0	0	0	0	0	0	0	0	0	0	0	0	0	0	0	0	0	0	0	0	0	0	0	0	0	0	0	0	0	0	0	0
o:Cyrtophoria_8	0	0	0	0	0	0	0	0	0	0	0	0	0	0	0	0	0	0	0	0	0	0	0	0	0	0	0	0	0	0	0	0	0	0	0	0	0	0	0	0	0	0	0	0	0	0	0	0	0	0	0	0	0	0	0	0	0	0	0	0	0	0	0	0	0	0	0	3	0	0	0	0	0	0	0	0	0	0	0	0	0	0	0	0	0	0	0	0	0	0	10	0	0	0	0	0	0	0	0	0	0	0	0	0	0	0	0	0	0	0	0	0	0	0	0	0	0	0	0	0	0	0	0	0	0	0	0	0	0	0	0	0	0	0	0	0	0	0	0	0
o:Euglyphida	0	0	0	0	0	0	0	0	0	0	0	0	0	0	0	0	0	0	0	0	0	0	0	0	0	0	0	0	0	0	0	0	0	0	0	0	0	0	0	0	0	0	0	0	0	0	0	0	0	0	0	0	4	0	0	8	0	0	0	0	0	0	0	0	0	0	0	0	0	0	0	0	0	0	9	0	0	0	0	0	0	0	0	0	0	0	0	0	0	0	0	0	0	0	0	0	3	0	0	0	0	0	0	0	0	0	0	0	0	0	0	0	0	0	0	0	0	0	0	0	0	0	0	0	0	0	0	0	0	0	0	0	0	0	0	0	0	0	0	0
o:Euplotia	0	0	0	0	0	0	0	0	0	0	0	0	0	0	0	0	0	0	0	0	0	0	0	0	0	0	0	0	0	0	0	0	0	0	0	0	0	0	0	0	0	0	0	0	0	0	0	0	0	0	0	0	0	0	0	0	0	0	0	0	0	0	0	0	0	0	0	0	0	0	0	0	0	0	0	0	0	0	0	0	0	0	0	0	0	0	0	24	0	0	0	0	0	0	0	0	0	0	6	0	0	0	0	0	0	0	0	0	37	0	0	0	0	0	0	0	0	0	0	0	0	0	0	0	0	0	0	0	0	0	0	0	0	0	0	0	0	0	0	0
o:Fragilariales	0	0	0	0	0	0	0	0	0	0	0	0	0	0	0	0	0	0	0	0	0	0	0	0	0	0	0	0	0	0	0	0	0	0	0	0	0	0	0	0	0	0	0	0	0	0	0	0	0	0	0	0	3	0	0	0	0	0	0	0	0	0	0	0	0	0	0	0	0	0	0	0	0	0	0	0	0	0	0	0	22	0	0	0	0	8	0	0	0	0	0	0	0	0	0	0	0	0	0	0	0	0	0	0	0	0	0	0	12	0	0	0	0	0	0	0	0	0	0	0	0	0	0	0	0	0	0	0	0	0	0	0	0	0	0	0	0	0	0	0
o:Glissomonadida	0	0	104	116	0	11	0	24	0	89	0	0	0	0	0	186	0	0	0	59	0	0	0	0	99	0	147	0	0	61	0	27	67	0	0	0	0	0	0	43	0	0	0	0	0	0	0	0	0	0	11	0	24	0	0	0	0	0	11	0	0	0	27	17	0	6	0	0	25	0	0	50	0	0	7	10	5	11	0	14	0	0	14	0	0	0	0	0	0	25	0	0	0	0	0	4	0	0	0	6	0	0	8	0	3	6	6	0	16	0	0	0	21	0	255	15	0	0	0	0	0	0	0	0	0	0	40	0	0	0	0	0	0	0	0	0	31	0	148	0
o:Haptoria_4	0	0	0	0	0	0	0	0	0	0	0	0	0	0	0	0	0	0	0	0	0	0	0	0	0	0	0	0	0	0	0	0	0	0	0	0	0	0	0	0	0	0	0	0	0	0	0	0	0	0	0	0	0	0	0	0	0	0	0	0	0	0	0	0	0	0	0	0	0	0	0	0	0	0	0	0	0	0	0	0	0	0	0	0	0	0	0	0	0	0	0	0	0	0	0	0	0	0	0	0	0	0	0	0	0	0	0	0	0	0	3	0	0	0	0	0	0	0	0	0	0	0	0	0	0	0	0	0	0	0	0	0	0	0	0	0	0	0	0	0
o:Hibberdiales	1	0	536	656	289	85	0	0	0	0	59	0	0	0	65	0	123	616	387	819	2141	497	564	0	2367	2389	324	707	1401	1051	1025	705	0	221	5	761	322	645	423	1049	362	34	1332	1282	0	0	0	1	17	18	8	0	5	7	2	5	4	2	1	7	1	5	15	0	27	2	2	0	0	0	0	0	0	0	2	2	3	0	0	0	0	0	34	11	0	7	0	0	0	0	0	0	3	0	0	4	15	0	0	1	0	0	7	7	33	13	23	2	0	433	99	340	228	454	671	559	286	0	9	102	0	31	3	61	151	6	126	775	525	3	767	443	463	896	509	289	905	205	407	1
o:Hydrurales	0	0	0	0	0	0	0	0	0	0	0	0	0	0	0	0	122	0	0	0	0	0	0	0	0	0	0	0	0	0	0	0	0	0	0	0	0	0	0	0	0	0	0	0	0	0	0	0	0	0	0	0	31	0	0	0	0	0	0	0	0	0	0	0	0	0	0	0	0	0	0	0	0	0	0	0	0	0	0	3	0	0	0	0	0	21	0	0	0	0	0	0	0	0	0	0	25	0	0	0	0	0	0	0	0	0	0	0	0	0	0	0	0	0	0	0	0	0	0	0	0	0	0	0	0	0	0	0	0	0	0	0	0	0	0	0	0	0	0	20
o:Hymenostomatia	0	0	0	0	0	0	0	0	0	0	0	0	0	0	0	0	0	0	0	0	0	0	0	0	0	0	0	0	0	0	0	0	0	0	0	0	0	0	0	0	0	0	0	0	0	0	0	0	0	0	0	0	0	0	0	4	0	0	0	0	0	0	0	24	0	0	0	0	0	0	0	0	0	0	0	0	0	0	0	0	0	0	0	0	0	0	0	0	0	0	0	0	0	0	0	0	18	0	0	0	0	0	0	0	0	0	0	0	0	0	0	0	0	0	0	0	0	0	0	0	0	10	0	0	0	0	0	0	0	0	0	0	0	0	0	0	0	0	0	0
o:Hypotrichia	37	2071	196	95	305	154	36	0	150	539	13	59	726	263	16	445	0	0	0	0	0	0	11	920	0	0	0	0	0	93	127	382	460	0	527	166	6	69	124	15	0	7	0	0	0	126	0	399	557	1014	865	503	65	1455	645	726	354	77	178	301	107	355	472	9	61	427	467	686	434	259	106	240	771	559	58	737	314	382	257	194	23	22	8	0	33	40	23	19	0	122	34	26	128	49	182	80	227	45	55	132	30	45	9	9	4	42	7	142	47	0	0	0	83	73	268	18	376	1733	65	2405	475	227	100	907	2013	309	193	283	274	115	154	266	114	56	7	165	79	1169	200	36
o:Labyrinthulomycetes	0	6	0	0	0	0	0	23	0	0	0	0	0	0	14	0	0	0	0	0	0	0	0	0	0	0	0	0	0	0	0	0	0	0	0	0	0	0	0	0	0	5	0	0	0	0	0	3	12	7	9	10	0	7	5	7	0	0	6	0	0	0	4	13	7	0	13	24	0	0	23	0	16	16	0	0	0	13	13	9	8	0	0	0	6	0	0	0	0	0	0	0	0	0	0	0	0	0	0	0	0	0	0	0	0	0	8	0	0	0	0	0	0	19	0	0	0	21	0	0	0	0	0	0	0	10	0	0	0	0	0	0	0	0	0	0	0	0	0	6
o:Limnofilida	0	0	0	0	0	0	0	0	0	0	0	0	0	116	0	0	0	0	0	0	0	0	0	0	0	0	0	0	0	0	0	0	0	0	0	0	0	0	0	0	0	0	0	0	0	0	0	0	0	0	0	0	0	0	0	0	0	0	0	0	0	0	0	0	5	0	0	0	0	0	0	0	0	0	0	0	0	0	0	0	0	0	0	0	0	0	0	0	0	0	0	0	0	0	0	0	0	0	0	0	0	0	0	0	0	0	0	0	0	0	0	0	0	0	0	0	0	0	0	0	0	0	0	0	0	0	0	0	0	0	0	0	0	0	0	0	0	0	0	0
o:Melosirales	0	0	0	0	0	0	0	0	0	0	0	0	0	0	0	0	0	0	0	0	0	0	0	0	0	0	0	0	0	0	0	0	0	0	3	0	3	0	0	0	0	0	0	0	0	0	0	0	0	0	0	0	0	0	3	0	0	9	3	7	0	0	0	0	0	0	5	0	0	0	0	0	0	0	0	0	0	0	0	7	71	19	38	22	3	0	0	9	5	27	8	0	0	0	0	0	13	0	0	5	0	0	0	0	0	0	0	0	2	0	0	0	0	0	0	0	0	18	0	0	0	0	0	0	0	0	0	0	0	0	0	0	0	20	0	0	0	0	0	3
o:Nanomonadea	95	13	0	0	0	0	0	0	0	0	0	0	4	0	0	0	0	0	0	0	0	0	0	6	0	0	0	0	0	41	0	0	0	0	0	0	0	0	0	4	0	7	25	0	0	4	0	26	5	20	43	6	23	15	15	27	25	26	19	17	10	0	5	60	0	0	0	0	0	0	0	0	0	0	37	0	0	0	9	16	9	8	0	45	15	38	22	32	25	21	16	0	123	14	0	0	8	5	30	94	8	0	9	10	6	13	0	11	151	0	46	0	0	0	0	0	0	13	14	0	0	0	7	0	0	9	0	0	236	8	13	0	0	0	0	0	0	0	0	0
o:Naviculales	0	0	0	0	0	0	0	0	0	0	0	0	0	0	0	0	0	0	0	0	0	0	0	0	0	0	0	0	0	0	0	0	0	0	0	0	0	0	0	0	0	0	0	0	0	0	0	0	0	0	0	0	0	0	0	0	0	0	0	0	0	0	5	0	0	0	0	0	0	0	0	0	0	0	0	0	0	0	0	0	0	0	0	0	0	3	0	0	0	11	0	0	0	0	0	0	0	0	0	0	0	0	0	0	0	0	0	0	0	0	0	0	0	0	0	0	0	0	0	0	0	0	0	0	0	0	0	0	0	0	0	0	0	0	0	0	0	0	0	0
o:Neogregarinorida	0	0	0	0	0	0	0	0	0	0	0	0	0	0	0	0	0	0	0	0	0	0	0	0	0	0	0	0	0	0	0	0	0	0	0	0	0	0	0	0	0	0	0	0	0	0	0	0	0	0	0	0	0	0	0	0	0	0	0	2	0	0	0	0	5	0	2	0	0	0	0	0	0	0	0	0	0	0	0	0	0	0	0	0	0	0	0	0	0	0	0	0	0	0	0	0	0	0	0	0	0	0	0	0	0	0	0	0	0	0	0	0	0	0	0	0	0	0	0	0	0	0	0	0	0	0	0	0	0	0	0	0	0	0	0	0	0	0	0	0
o:Novel-clade-10	35	65	0	1438	812	1147	444	279	408	170	246	57	26	480	359	554	230	393	458	126	1101	385	520	43	2616	2653	506	1144	572	205	250	0	0	140	17	1678	210	86	249	461	154	37	448	482	0	16	0	32	0	18	11	9	7	25	18	17	29	2	15	12	17	19	27	0	10	24	58	274	124	94	72	108	15	20	17	21	0	19	3	7	27	21	26	76	29	0	44	35	41	48	38	9	41	20	0	0	14	4	0	26	4	16	14	20	43	51	47	20	77	0	0	161	232	197	384	376	422	131	11	52	130	280	14	110	0	4	128	164	322	14	267	75	167	166	204	14	378	814	110	10
o:Novel-clade-12	0	0	0	0	0	0	0	0	0	0	0	0	0	0	0	0	0	0	0	0	0	0	0	0	0	0	0	0	0	0	0	0	0	0	0	0	0	0	0	0	0	0	0	0	0	0	0	0	0	4	0	0	0	0	0	0	0	0	0	0	0	0	0	0	0	0	0	0	0	0	0	0	0	0	0	0	0	0	0	0	0	0	0	0	0	0	0	0	0	0	0	0	0	0	0	0	0	0	0	0	0	0	0	0	0	0	0	0	0	0	0	0	0	0	0	0	0	0	0	0	0	0	0	0	0	0	0	0	0	0	0	0	0	0	0	0	0	0	0	0
o:Ochromonadales	72	78	0	608	455	400	158	89	165	0	0	85	50	0	95	0	0	770	337	0	134	124	1390	78	1095	158	1996	737	281	1383	464	1657	60	84	151	206	216	245	534	1136	1377	44	1716	1186	0	37	0	41	91	68	82	51	82	59	65	166	169	40	243	97	67	11	81	120	64	48	74	118	85	0	33	29	0	0	65	23	0	9	0	17	26	5	0	8	11	160	124	0	0	119	112	0	68	42	13	19	197	0	10	20	0	20	32	53	73	167	189	50	245	2632	681	1738	1040	1055	1377	568	790	51	61	643	447	922	14	315	313	9	389	1102	171	24	719	1155	1233	417	1300	91	436	310	50	18
o:OLIGO4	18	115	0	0	0	0	61	0	0	0	0	0	88	0	0	0	0	0	0	0	0	0	0	148	0	0	0	0	0	0	0	193	0	0	124	0	0	0	0	0	0	0	0	0	0	59	0	56	27	29	18	17	7	9	28	31	59	11	7	6	0	7	0	0	0	0	0	0	18	40	113	61	58	48	0	22	27	37	19	0	0	0	0	0	0	5	0	0	0	5	0	0	33	111	71	34	13	11	17	25	3	0	0	7	0	0	0	0	64	0	0	0	0	14	0	0	0	108	14	27	141	36	41	0	0	12	0	0	0	28	0	0	11	12	0	0	0	0	0	0
o:Oligotrichida	313	440	1251	477	917	188	0	0	78	180	35	344	580	403	236	2069	779	773	513	425	436	1602	2287	624	371	969	494	117	7326	369	38	1101	6272	5102	1053	1822	943	2717	2327	2923	292	46	532	0	0	40	0	99	1252	504	677	764	575	918	782	497	294	1838	963	840	287	428	990	604	427	299	459	819	517	23	0	34	120	214	1920	484	177	322	29	404	752	304	298	282	1490	101	1583	213	179	497	86	881	296	33	178	260	442	418	549	446	224	161	151	62	18	45	30	448	492	3126	3379	1265	134	815	4249	4057	5625	305	1049	5991	726	2779	33	475	4381	238	562	2758	756	1090	1010	985	561	5425	2114	1593	1572	2648	1948	690
o:Pansomonadida	0	0	0	0	0	0	0	0	0	0	0	0	0	0	0	0	0	0	0	0	0	0	0	0	0	0	0	0	0	0	0	0	0	31	0	0	0	0	0	0	0	0	0	0	0	0	0	0	0	0	0	0	7	0	5	0	7	0	8	6	7	0	0	0	0	0	22	0	0	0	19	43	0	0	0	0	0	0	0	0	0	0	0	0	0	0	0	0	0	0	0	0	15	0	0	0	0	0	0	0	0	0	0	0	0	0	0	0	0	0	0	0	0	0	0	0	0	0	0	0	0	0	0	0	0	0	0	0	0	14	0	0	0	0	80	0	0	0	0	0
o:Paraphysomonadales	164	497	274	576	0	37	104	21	424	49	89	177	211	51	74	0	41	0	328	0	34	226	0	365	0	0	0	98	0	439	667	203	0	67	268	146	321	150	133	646	326	199	1108	839	0	103	0	136	84	95	140	85	181	90	113	149	358	134	170	147	101	25	286	290	205	174	100	263	51	103	112	203	87	41	581	207	62	57	21	37	44	12	0	11	0	528	0	0	0	8	21	6	101	48	0	34	370	0	0	33	36	51	111	99	239	297	282	266	341	750	573	2402	1104	821	1360	359	413	476	133	215	167	229	63	117	170	0	325	598	480	225	625	479	299	247	163	108	267	0	57	105
o:Parmales	0	0	0	0	0	0	19	32	0	4	0	0	0	10	15	0	0	0	37	0	48	17	25	0	47	42	47	39	48	0	0	30	8	0	0	35	31	0	0	0	0	0	0	0	0	0	0	0	0	0	0	0	0	0	0	0	0	0	0	0	0	0	0	0	0	0	0	0	0	0	0	0	0	0	0	2	0	0	0	0	0	0	6	0	0	0	0	0	0	0	0	0	0	0	0	0	0	0	0	0	0	0	0	0	0	0	0	0	0	0	0	28	30	20	0	12	21	0	0	0	0	10	0	14	0	0	0	42	18	0	3	11	0	0	0	0	16	0	0	0
o:Peniculia	0	320	99	33	162	72	76	0	0	0	0	0	34	0	0	0	0	0	0	0	0	0	0	0	0	0	0	0	0	0	0	0	0	0	0	0	0	66	0	33	82	194	73	0	0	5	0	94	1716	211	259	107	0	92	314	0	165	307	80	2993	3119	6273	3819	0	165	121	563	442	2365	336	0	0	0	0	0	0	0	0	0	0	0	0	0	0	0	5	0	0	0	0	0	0	0	0	0	44	113	0	0	61	46	30	70	381	145	420	85	122	0	0	0	0	0	32	31	119	0	141	61	0	0	18	9	8	337	91	68	0	0	32	0	0	40	59	8	243	291	2428	441	21
o:Peridiniales	0	0	0	0	0	0	23	0	0	0	0	0	0	0	0	0	0	0	0	0	0	0	0	0	0	0	0	0	0	0	0	0	0	0	0	23	0	0	0	0	0	0	0	0	0	0	0	0	2	0	0	0	18	0	23	17	0	0	0	0	0	0	19	0	0	0	2	6	0	7	0	0	0	0	0	0	0	0	0	0	0	0	0	0	0	0	0	0	0	0	0	0	0	0	0	18	0	12	9	20	0	0	5	0	0	0	0	0	0	0	0	0	0	3	0	0	0	0	7	0	0	0	0	0	0	0	0	0	0	0	0	0	0	0	0	0	0	0	0	0
o:Peritrichia_2	0	22	0	0	0	11	0	28	337	0	0	0	81	312	17	298	344	0	0	0	114	0	0	297	0	0	0	34	331	0	116	146	82	0	86	266	190	102	114	310	0	34	68	0	0	205	0	72	94	29	137	6	4	167	4	0	4	0	0	49	0	18	152	4	11	26	138	81	60	17	0	63	2	30	65	29	0	74	22	0	8	15	0	0	4	6	0	0	0	37	33	0	4	47	15	118	83	14	54	14	43	17	32	47	9	23	33	23	36	52	0	0	0	12	19	0	22	72	13	2	52	45	213	4	67	51	0	55	1855	44	23	0	13	0	24	18	48	0	0	12
o:Prorocentrales	0	0	0	0	0	0	52	0	0	0	0	0	0	0	0	0	0	0	0	0	0	0	0	0	0	0	0	0	0	0	0	0	0	0	0	0	0	0	0	0	0	0	0	0	0	0	0	0	0	0	0	0	0	0	0	0	0	0	0	0	0	0	0	0	0	0	0	0	0	0	0	0	0	0	0	0	0	0	0	0	0	0	0	0	0	0	0	0	0	0	0	0	0	0	0	0	0	0	0	0	0	0	0	0	0	0	0	0	0	0	0	0	0	0	0	0	0	0	0	0	0	0	0	0	0	0	0	0	0	0	0	0	0	0	16	0	0	0	0	0
o:Prorodontida	40	37	0	0	56	0	12	0	0	19	0	0	24	0	0	0	0	0	0	0	0	0	0	3	0	0	0	0	0	106	0	52	121	0	2	0	0	0	0	0	0	12	0	0	0	45	0	19	22	45	45	54	245	41	44	55	20	50	20	93	42	38	72	60	0	6	75	57	63	10	55	186	54	39	59	0	13	26	0	12	0	15	31	0	0	0	24	23	0	10	8	18	51	16	81	38	31	15	43	26	0	0	0	4	0	5	0	57	46	0	64	0	0	0	0	21	6	0	38	0	0	0	14	16	0	13	0	0	0	0	32	61	0	0	0	0	27	0	0	0
o:Pseudodendromonadales	135	56	921	1855	2211	2082	2872	1230	2536	474	1010	1521	19	3023	1510	2785	1203	3219	2096	625	2420	608	959	35	1488	1340	1594	1226	1728	1632	614	327	364	711	0	1182	553	764	480	255	345	49	113	299	0	23	0	85	59	110	105	115	50	90	80	76	38	25	48	39	67	41	78	108	211	222	122	462	393	213	236	109	192	114	66	231	46	107	51	109	301	153	153	187	97	60	89	174	121	135	230	111	415	250	3	12	78	52	85	241	17	63	8	14	27	32	56	120	178	308	286	480	471	649	1531	1556	1736	155	71	92	284	337	6	518	130	2	340	614	879	83	762	2211	922	1285	655	406	697	247	286	73
o:Pseudophyllomitidae	0	15	0	0	0	0	0	0	0	0	0	0	11	0	0	0	0	0	0	0	0	0	0	75	0	0	0	0	0	0	0	0	0	0	12	0	0	0	0	0	0	6	0	0	0	0	0	0	0	0	0	3	0	0	0	0	0	0	0	0	0	10	0	0	0	7	0	5	0	0	8	0	0	0	0	0	0	0	0	0	0	0	0	0	0	0	0	0	0	0	0	0	0	0	0	0	0	0	0	0	0	0	0	0	9	3	0	0	0	0	0	0	0	0	0	0	0	21	0	0	0	0	0	0	0	0	0	0	0	0	0	0	0	0	0	0	0	0	0	0
o:Rhabdonematales	8	0	0	0	0	0	0	0	0	0	0	0	0	0	0	0	0	0	0	0	0	0	0	0	0	0	0	0	0	0	0	0	0	0	0	0	0	0	0	0	0	0	0	0	0	0	0	0	0	0	5	0	6	0	0	0	0	0	0	0	0	0	0	0	0	0	0	0	0	0	0	0	0	0	8	0	0	0	0	0	0	0	0	0	0	0	0	0	0	0	0	0	0	0	0	0	0	0	0	0	0	0	0	0	0	0	0	0	2	0	0	0	0	0	0	0	0	0	0	0	0	0	0	0	0	0	0	0	0	0	0	0	0	0	0	0	0	0	0	0
o:Rhizosoleniales	0	0	0	0	0	0	0	0	0	0	0	0	0	0	0	0	0	0	0	0	0	0	0	0	0	0	0	0	0	0	0	0	0	0	0	0	0	0	0	0	0	0	0	0	0	0	0	0	0	0	0	0	7	0	0	0	0	0	0	0	0	0	8	0	6	0	11	0	0	0	0	0	0	0	0	0	0	0	0	0	0	0	0	0	0	5	0	0	0	0	0	0	0	0	0	0	0	0	0	0	0	0	0	0	0	3	0	0	0	0	0	0	0	0	0	0	0	0	4	0	0	0	0	0	0	0	0	0	0	0	0	0	0	0	0	0	0	0	0	0
o:Rhynchostomatia	0	0	0	0	0	0	0	0	0	0	0	0	0	0	0	0	0	0	0	0	0	0	0	0	0	0	0	0	0	0	0	0	0	0	0	0	0	0	0	0	0	0	0	0	0	0	0	0	0	0	0	0	0	6	7	5	0	2	0	2	0	0	10	0	0	0	12	0	5	0	0	0	0	0	0	0	0	0	0	0	0	0	0	0	0	0	0	3	0	0	0	0	0	0	0	0	0	0	0	0	0	0	0	0	0	0	0	0	0	0	0	0	0	0	0	0	0	0	0	0	0	0	0	0	0	0	0	0	0	0	0	0	0	0	0	0	0	0	0	0
o:Scuticociliatia_1	0	0	0	0	0	0	0	0	0	0	0	0	0	0	0	0	0	0	0	0	0	0	0	0	0	0	59	0	168	47	0	119	80	0	0	29	42	0	0	0	0	0	0	0	0	0	0	0	0	14	0	11	15	0	8	23	11	0	0	0	0	0	4	14	0	0	0	16	0	5	35	10	6	12	12	13	6	13	12	25	6	0	10	0	7	14	0	9	10	18	12	8	45	27	24	12	0	10	0	7	0	0	0	0	0	0	0	0	0	0	51	0	0	37	0	0	0	0	0	50	0	0	0	14	0	3	0	0	0	7	0	0	0	0	0	0	0	0	0	0
o:Scuticociliatia_2	0	43	0	0	0	0	0	0	0	0	0	0	35	0	0	0	0	0	0	0	0	0	0	94	0	0	0	0	0	0	0	0	0	0	21	0	0	0	0	0	0	0	0	0	0	6	0	13	12	36	49	19	0	15	0	4	0	0	0	8	0	0	0	0	3	6	0	0	0	0	0	5	0	0	10	0	0	0	0	0	0	0	0	0	0	0	0	0	0	0	0	0	0	0	0	0	4	0	0	0	0	0	0	0	0	0	0	0	2	43	0	0	0	0	0	0	0	38	0	6	11	0	0	6	0	9	0	0	0	0	0	0	0	0	0	0	0	0	0	0
o:Spongomonadida	52	0	0	0	0	0	0	0	0	0	0	0	0	0	0	0	0	0	0	51	0	0	0	0	0	0	0	0	0	0	0	0	0	0	0	0	0	53	0	0	0	0	0	0	0	0	0	0	20	29	34	0	18	17	0	33	29	14	0	0	0	8	0	40	48	0	0	24	2	0	0	0	0	0	0	0	0	0	0	0	0	0	0	58	0	0	0	0	0	0	32	0	0	0	0	16	19	6	25	23	6	0	16	0	0	13	0	22	65	0	0	0	0	0	0	0	0	10	25	0	0	0	0	0	0	0	32	0	0	41	0	0	0	0	0	0	0	0	0	15
o:Suctoria	0	0	0	0	0	0	0	0	0	0	0	0	0	0	0	0	0	0	0	0	0	0	0	0	0	0	0	0	0	0	0	0	0	0	0	0	0	0	0	0	0	0	0	0	0	0	0	0	7	0	11	0	0	0	0	0	0	0	0	4	3	13	18	3	0	0	0	0	0	0	0	0	0	0	0	0	0	0	0	0	0	0	0	0	0	0	0	0	0	0	0	0	0	0	0	0	0	0	0	0	0	0	0	0	0	0	0	0	0	0	0	0	0	0	0	0	0	0	0	0	0	0	0	0	0	24	0	0	0	3	0	0	0	0	0	0	0	0	0	0
o:Suessiales	0	0	0	0	57	0	0	0	0	0	0	0	0	0	0	0	0	0	0	0	0	0	0	0	0	0	0	0	0	0	0	0	0	0	0	0	0	0	0	9	0	0	0	0	0	0	0	0	0	0	0	0	0	0	0	15	0	0	0	0	0	0	0	0	0	0	0	9	6	0	0	0	0	0	0	0	0	0	0	0	0	0	0	0	0	0	0	0	0	0	0	0	0	0	0	0	0	0	0	0	0	0	0	0	0	0	0	0	0	0	0	0	0	0	0	0	0	0	0	0	0	0	0	0	0	0	0	0	0	0	0	0	0	0	0	0	0	0	0	0
o:Surirellales	97	0	0	0	0	0	0	0	0	0	0	0	0	0	0	0	0	0	0	0	0	0	0	0	0	0	0	0	0	0	0	0	0	0	8	0	35	35	0	0	0	0	0	0	0	0	0	7	0	0	10	0	219	0	0	0	0	0	0	0	0	0	19	284	87	0	0	27	0	0	0	0	0	0	222	0	0	0	0	41	155	0	47	10	14	159	9	33	73	18	14	17	0	0	0	0	210	0	19	11	0	0	0	12	0	15	0	18	270	0	0	0	140	735	0	36	0	47	36	0	0	0	11	0	0	10	0	0	0	57	0	0	0	0	0	0	0	0	0	37
o:Synhymenia	0	0	0	0	0	0	0	0	0	0	0	0	0	0	0	0	0	0	0	0	0	0	0	0	0	0	0	0	0	0	0	0	0	0	0	0	0	0	0	0	0	0	0	0	0	0	0	0	0	0	0	0	0	0	0	0	0	0	0	0	0	0	0	0	0	0	0	0	0	0	0	0	0	0	0	0	0	0	0	0	0	0	0	0	0	0	0	0	0	0	5	0	0	0	0	0	0	0	0	0	0	0	0	0	0	0	0	0	0	0	0	0	0	0	0	0	0	0	0	0	0	0	0	0	0	0	0	0	0	0	0	0	0	0	0	0	0	0	0	0
o:Synurales	41	102	0	0	0	0	36	0	0	28	0	0	73	0	0	0	0	0	0	0	0	0	0	23	0	0	0	0	0	0	0	0	0	0	30	0	0	0	0	13	0	40	0	0	0	8	0	28	65	0	264	122	472	431	201	457	245	187	169	189	100	3	138	138	94	30	93	53	19	49	31	45	82	47	171	46	17	35	8	45	23	11	0	25	22	794	0	26	23	68	12	0	0	0	0	3	531	0	0	28	0	12	26	26	20	6	15	623	116	0	0	32	31	104	94	72	0	92	1160	118	0	0	0	0	31	42	0	0	357	832	0	0	6	0	0	0	0	0	0	81
o:Thalassiophysales	0	0	0	0	0	0	0	0	0	0	0	0	0	0	0	0	0	0	0	0	0	0	0	0	0	0	0	0	0	0	0	0	0	0	0	0	0	0	0	0	0	0	0	0	0	0	0	0	0	0	0	0	0	0	0	0	0	0	0	0	0	0	0	0	0	0	0	0	0	0	0	0	0	0	0	0	0	0	0	0	0	0	0	0	0	0	0	0	0	7	0	0	0	0	0	0	0	0	0	9	0	0	0	0	0	0	0	0	0	0	0	0	0	0	0	0	0	0	0	0	0	0	0	0	0	0	0	0	0	0	0	0	0	0	0	0	0	0	0	0
o:Thalassiosirales	29	181	28	0	0	0	152	40	0	185	213	103	56	137	16	2242	277	0	27	33	33	94	90	8	0	262	0	0	0	0	0	0	0	0	21	58	86	95	277	554	223	1345	336	0	0	3279	0	2112	286	484	187	137	44	63	251	179	357	446	363	372	160	213	1050	122	1242	462	345	246	57	234	892	594	659	1197	124	2420	1122	1166	843	640	1046	804	264	434	242	218	319	351	258	311	199	222	187	212	24	73	1360	19	108	575	449	481	587	302	333	605	498	272	108	0	0	26	0	113	42	432	0	491	1209	0	0	9	6139	189	297	1270	50	72	257	275	30	84	77	105	206	0	98	0	370	1804
o:Thaumatomonadida	73	61	0	0	0	0	0	0	0	0	0	0	64	0	0	0	0	0	0	0	0	0	0	167	0	0	0	0	0	0	0	0	0	0	101	0	0	0	0	0	0	0	0	0	0	11	0	15	33	36	33	15	179	43	24	50	15	0	0	0	0	0	0	142	0	0	0	0	8	23	32	50	8	21	113	100	34	31	24	34	9	0	0	0	0	90	0	0	0	0	0	0	0	0	0	0	82	0	0	9	0	0	0	0	0	0	0	64	107	0	0	0	0	26	0	69	0	105	32	73	579	9	15	0	0	23	22	0	0	209	0	0	0	0	0	0	0	0	0	0
o:Tremulida	0	0	0	0	0	0	0	0	0	0	0	0	0	0	0	0	0	0	0	0	0	0	0	0	0	0	0	0	0	0	0	0	0	0	0	0	0	0	0	0	0	0	0	0	0	0	0	0	0	0	0	0	0	0	0	15	8	0	0	0	0	0	0	0	0	0	0	0	0	0	0	0	0	0	0	0	0	0	0	0	0	0	0	0	0	0	0	0	0	0	0	0	0	0	0	0	0	0	0	0	0	0	0	0	0	0	0	7	0	0	0	0	16	0	0	0	0	0	0	0	0	0	0	0	0	0	0	0	0	0	0	0	0	0	0	0	0	0	0	0
o:Vampyrellida	0	0	0	0	56	181	0	60	0	0	0	0	0	47	23	321	342	0	90	0	10	0	36	0	9	179	0	37	0	137	253	59	109	0	0	0	0	0	22	122	0	369	151	40	0	765	0	102	76	357	28	17	6	6	0	0	4	0	0	0	0	0	613	0	88	52	51	97	54	43	88	0	0	0	0	17	11	4	25	32	33	7	29	22	56	0	24	30	5	14	26	14	137	83	11	13	15	0	8	36	7	0	59	117	281	388	236	0	57	48	0	30	0	29	0	14	0	0	0	0	22	0	681	129	73	237	28	118	178	0	0	0	0	51	13	0	0	0	43	21
o:Ventricleftida	0	0	0	73	0	0	0	0	0	0	0	0	0	0	0	0	0	0	0	0	0	0	0	0	0	0	0	0	0	0	0	0	0	0	0	0	0	0	0	0	0	0	0	0	0	0	0	0	0	0	0	0	0	0	0	0	0	0	0	0	0	14	0	0	0	0	25	15	0	0	0	0	0	0	0	0	0	0	0	0	0	0	0	0	0	0	0	0	0	0	0	0	0	0	0	0	0	0	0	0	0	0	0	0	0	0	0	0	0	0	0	71	0	0	0	0	0	0	0	0	0	0	0	0	0	0	0	0	0	0	0	0	0	0	10	0	0	0	0	0
Unclassified	9759	9554	6311	9307	7583	9848	30166	15951	24859	19711	21168	22936	4844	43281	17075	33613	7044	3737	1607	2083	3464	1989	2746	8018	6159	10550	7736	5077	11884	16656	27671	26928	20263	9908	4215	12042	7984	2851	5256	11403	7602	17113	6932	4142	0	3622	0	4507	5009	7070	5939	5296	8935	5517	5134	6432	3806	6499	6268	6871	3440	5711	34613	6691	7451	4022	15036	9410	5780	7730	11940	13616	12408	16545	6802	34391	11474	12134	8961	7901	10101	6817	4388	7793	4786	8003	6295	7441	7805	9231	10181	7801	7491	5661	4204	3343	8854	2397	3503	6857	3823	5268	6828	6366	4586	10381	12190	5825	16353	13002	14221	7911	12072	9972	5963	10629	10333	20415	6589	4469	13264	16138	5802	11667	14290	6179	8505	27411	15726	9496	8063	8445	5155	7611	8383	9674	8868	9343	20466	5299
