Group.1	X1	X10	X100	X101	X102	X103	X104	X105	X106	X107	X108	X109	X11	X110	X111	X112	X113	X114	X115	X116	X117	X118	X119	X12	X120	X121	X122	X123	X124	X125	X126	X127	X128	X129	X13	X130	X131	X132	X133	X134	X135	X136	X137	X138	X139	X14	X140	X15	X16	X17	X18	X19	X2	X20	X21	X22	X23	X24	X25	X26	X27	X28	X29	X3	X30	X31	X32	X33	X34	X35	X36	X37	X38	X39	X4	X40	X41	X42	X43	X44	X45	X46	X47	X48	X49	X5	X50	X51	X52	X53	X54	X55	X56	X57	X58	X59	X6	X60	X61	X62	X63	X64	X65	X66	X67	X68	X69	X7	X70	X71	X72	X73	X74	X75	X76	X77	X78	X79	X8	X80	X81	X82	X83	X84	X85	X86	X87	X88	X89	X9	X90	X91	X92	X93	X94	X95	X96	X97	X98	X99
c:Colpodea	0	0	0	0	0	0	0	0	0	0	0	0	0	0	0	0	0	0	0	0	0	0	0	0	0	0	0	0	0	0	0	0	0	0	0	0	0	0	0	0	0	0	0	0	0	13	0	0	0	11	0	0	0	0	0	63	9	0	0	0	0	0	32	3	0	21	6	0	0	0	0	3	0	0	5	0	0	0	0	0	0	0	0	0	0	0	7	0	0	0	0	0	0	0	0	0	0	2	0	0	0	0	0	0	0	0	0	9	23	0	0	0	0	144	0	66	0	0	0	0	0	0	0	10	0	0	0	0	0	0	0	0	0	0	0	0	0	0	0	43
c:Colpodellidea	20	66	0	355	515	25	72	78	679	69	19	0	58	386	28	0	0	0	0	0	165	70	0	79	1010	484	0	0	0	207	116	0	0	532	86	968	1101	1118	1118	3555	850	551	974	291	0	28	0	10	62	0	81	77	201	62	152	789	233	53	97	163	47	77	184	42	55	21	265	580	525	115	274	377	192	173	45	250	145	192	103	51	24	16	13	5	13	10	24	21	60	53	11	0	40	58	14	43	117	73	144	699	204	557	640	432	673	376	278	49	96	0	0	434	208	51	0	0	0	119	33	0	48	336	8	0	36	23	0	7	0	60	42	0	66	15	0	0	0	0	88	13
c:CONTH_4	0	185	0	93	0	0	0	0	72	0	0	0	168	0	0	178	0	0	0	0	23	0	0	391	0	0	0	0	53	0	0	112	132	0	100	0	0	0	12	0	0	22	0	0	0	26	0	31	113	142	169	216	94	203	207	198	64	114	60	104	59	55	151	95	50	39	144	242	222	193	216	668	291	234	118	130	181	205	80	68	218	108	24	30	5	73	33	0	11	72	31	178	11	16	108	34	88	46	62	98	28	16	13	6	0	3	0	81	0	14	22	0	42	0	0	86	0	43	36	36	0	37	10	0	42	33	0	0	0	51	0	0	9	32	0	0	0	0	0	11
c:CONTH_5	16	39	0	106	0	41	0	0	0	0	0	0	66	0	0	0	0	0	0	0	30	0	38	99	0	0	0	0	0	0	0	0	0	0	4	53	0	0	0	36	0	0	64	0	0	11	0	55	117	187	74	91	25	278	278	1183	157	99	35	224	166	304	383	60	26	49	528	474	970	38	8	0	5	0	115	0	0	0	0	0	0	25	56	18	66	90	42	38	3	46	23	48	38	97	34	51	202	23	190	154	34	0	14	0	0	14	0	40	8	0	0	0	0	25	0	13	18	21	68	19	0	11	13	15	52	57	0	0	0	65	43	626	26	32	0	0	0	0	94	14
c:CONTH_7	0	0	0	0	0	0	0	0	0	0	0	0	0	0	0	0	0	242	0	0	0	0	0	0	0	0	0	0	0	0	0	0	37	0	0	0	0	0	23	47	0	0	85	0	0	0	0	0	0	0	0	377	0	0	71	344	37	145	82	233	97	259	719	0	326	0	0	0	0	0	0	0	0	0	0	0	0	0	0	0	0	0	0	0	0	328	303	160	0	498	0	0	138	229	36	116	510	104	1254	355	236	106	304	240	252	11	102	278	0	0	0	0	0	8	0	0	0	0	0	0	0	0	0	0	0	0	0	0	0	0	0	0	0	0	0	0	56	0	0	0
c:CONThreeP	194	1666	111	40	494	87	229	36	46	59	35	8	891	93	10	0	133	103	343	276	640	760	870	923	1197	2936	1413	1813	8230	215	733	639	423	150	404	138	61	0	177	222	133	180	0	0	0	145	0	375	1295	1227	1262	1639	242	1315	1568	1330	423	3597	2503	1049	634	624	884	560	2574	778	622	588	518	412	550	1601	761	584	1156	680	459	421	161	382	2820	2197	721	1437	2305	1715	2804	2500	3444	4446	5724	4754	1152	1684	1571	725	916	1230	489	657	157	357	170	180	89	53	92	743	236	0	274	47	535	239	448	459	29	1421	483	723	66	129	77	112	260	300	7	123	2261	504	322	224	126	2166	772	435	136	345	131	1390
c:Dinophyceae	0	11	0	0	57	0	75	0	0	0	0	0	0	0	0	0	0	0	0	0	0	0	0	78	4	0	0	0	0	0	0	0	0	0	44	23	0	19	0	9	0	3	54	0	0	0	0	7	14	35	59	28	33	20	23	48	0	8	4	24	3	0	19	14	0	4	2	15	6	7	38	61	74	17	0	49	15	0	0	0	38	0	0	0	3	0	9	7	0	0	36	4	0	0	0	18	0	12	33	28	8	0	5	3	0	0	0	0	0	0	0	0	0	3	0	14	0	0	7	0	78	0	0	14	0	16	0	0	4	0	0	0	0	0	46	0	0	0	0	0
c:Gregarinomorphea	0	0	0	0	0	0	0	0	0	0	0	0	0	0	0	0	0	0	0	0	0	0	0	0	0	0	0	0	0	0	0	0	0	0	0	0	0	0	0	0	0	0	0	0	0	0	0	0	0	0	0	0	0	0	0	0	0	0	0	2	0	0	0	0	5	0	2	0	0	0	0	0	0	0	0	0	0	0	0	0	0	0	0	0	0	0	0	0	0	0	0	0	0	0	0	0	0	0	0	0	0	0	0	0	0	0	0	0	0	0	0	0	0	0	0	0	0	0	0	0	0	0	0	0	0	0	0	0	0	0	0	0	0	0	0	0	0	0	0	0
c:Heterotrichea	0	0	0	0	0	0	0	0	0	0	0	0	0	0	0	0	0	0	0	0	0	0	0	0	0	0	0	0	0	0	0	0	0	0	0	0	0	0	0	25	0	0	19	0	0	0	0	0	0	0	0	0	0	11	0	0	5	13	0	0	8	0	16	0	15	0	31	37	34	6	0	0	0	0	0	0	0	0	0	0	0	0	0	0	0	0	0	0	0	0	0	0	0	0	0	0	0	0	0	0	0	0	25	10	0	14	13	0	0	22	0	0	0	0	0	0	0	0	0	0	0	0	0	0	0	0	0	0	22	0	0	0	0	0	0	0	0	0	0	0
c:Litostomatea	0	0	0	0	0	0	0	0	0	0	0	0	0	0	0	0	0	0	0	0	0	0	0	0	0	0	0	0	0	0	0	0	0	0	0	0	0	0	0	0	0	0	0	0	0	0	0	0	0	0	0	0	0	6	7	5	0	2	0	2	0	0	10	0	0	0	12	0	5	0	0	0	0	0	0	0	0	0	0	0	0	0	0	0	0	0	0	3	0	0	0	0	0	0	0	0	0	0	0	0	0	0	0	0	0	0	0	0	0	0	3	0	0	0	0	0	0	0	0	0	0	0	0	0	0	0	0	0	0	0	0	0	0	0	0	0	0	0	0	0
c:Nassophorea	0	0	0	0	0	0	0	0	0	0	0	0	0	0	0	0	0	0	0	0	0	0	0	0	0	0	0	0	0	0	0	0	0	0	0	0	0	0	0	0	0	0	0	0	0	0	0	0	0	0	0	0	0	0	0	0	0	0	79	0	0	68	185	0	0	0	0	0	0	0	0	0	0	0	0	0	0	0	0	0	0	0	0	0	0	0	0	0	0	0	0	0	0	0	0	0	0	0	0	0	0	0	0	22	0	18	26	0	0	0	0	0	0	0	0	0	0	0	0	0	0	0	0	0	0	0	0	0	0	0	0	0	0	0	0	0	0	0	0	0
c:Oligohymenophorea	18	500	99	33	162	83	137	28	337	0	0	0	238	312	17	298	344	0	0	0	114	0	0	539	0	0	59	34	499	47	116	458	162	0	231	295	232	168	114	343	82	228	141	0	0	275	0	235	1854	334	463	160	26	283	354	62	239	318	87	3056	3119	6298	3975	42	179	153	708	539	2443	398	148	139	66	90	87	64	43	124	53	25	14	15	10	5	11	30	0	9	10	60	45	8	82	185	110	208	231	35	71	107	92	47	102	435	154	443	118	145	102	95	51	0	0	95	50	119	22	372	88	85	204	109	267	32	404	166	68	55	1855	111	23	0	64	71	32	261	339	2428	441	33
c:Perkinsida	281	1060	4178	6444	4379	7400	26551	14490	21313	17620	20158	20857	45	38820	15430	16727	3518	1283	131	67	380	223	277	1206	60	879	3654	1386	781	12612	23524	22766	17111	8685	1122	8979	4375	1411	2387	1568	2826	175	2921	1817	0	747	0	528	963	1239	391	576	254	254	230	140	190	82	173	319	214	383	1847	223	359	160	559	955	508	2619	2250	2902	2821	2708	180	2168	1112	1171	217	76	56	8	26	12	41	495	62	9	9	95	50	35	549	1203	303	173	349	138	66	105	38	53	89	105	174	120	113	187	692	10266	11652	5780	8358	5043	2614	5508	6117	1591	152	786	8678	13499	438	10313	12180	176	5535	21729	10036	272	4768	3728	2783	3322	4831	7504	5641	7329	13942	153
c:Phyllopharyngea	0	0	0	0	0	0	0	0	0	0	0	0	0	0	0	0	0	0	0	0	0	0	0	0	0	0	45	48	0	0	0	0	115	0	3	0	31	70	56	143	444	243	0	107	0	442	0	169	7	57	15	0	0	0	5	64	36	25	0	8	3	18	18	3	0	193	0	20	0	3	38	0	0	0	0	0	8	0	22	8	13	0	0	0	0	0	0	0	19	153	37	11	17	49	0	74	9	0	0	0	8	26	30	268	136	96	197	10	0	0	0	27	0	10	0	0	42	0	0	0	0	0	270	175	0	112	0	0	0	9	0	0	0	0	0	0	0	0	0	0
c:Prostomatea	40	37	0	0	56	0	12	0	0	19	0	0	24	0	0	0	0	0	0	0	0	0	0	3	0	0	0	0	0	106	0	52	121	0	2	0	0	0	0	0	0	12	0	0	0	45	0	19	22	45	45	54	245	41	44	55	20	50	20	93	42	38	72	60	0	6	75	57	63	10	55	186	54	39	59	0	13	26	0	12	0	15	31	0	0	0	24	23	0	10	8	18	51	16	81	38	31	15	43	26	0	0	0	4	0	5	0	57	46	0	64	0	0	0	0	21	6	0	38	0	0	0	14	16	0	13	0	0	0	0	32	61	0	0	0	0	27	0	0	0
c:Prostomatea_1	0	0	0	0	0	0	0	0	0	0	0	0	0	0	0	0	0	0	0	0	0	0	0	0	0	0	0	0	0	0	0	0	0	0	0	0	0	0	0	0	0	0	0	0	0	2	0	0	0	0	7	0	0	0	0	0	0	0	0	11	0	0	28	0	0	4	16	11	27	26	0	0	7	0	0	5	0	0	0	0	0	0	0	0	0	0	0	0	0	0	0	0	0	0	0	0	0	0	0	0	0	7	0	0	3	0	0	0	0	0	0	0	0	0	0	0	0	0	5	0	0	0	0	0	0	0	0	0	0	6	0	0	0	0	0	32	0	0	0	0
c:Prostomatea_3	0	0	0	0	0	0	0	0	0	0	0	0	0	0	0	0	0	0	0	0	0	0	0	0	0	0	0	0	0	0	0	0	0	0	0	0	0	0	0	0	0	0	49	0	0	0	0	0	0	0	0	0	0	0	0	0	0	0	0	0	0	0	0	0	0	0	0	0	0	0	0	0	0	0	10	0	0	0	0	0	0	0	0	0	0	0	0	0	0	0	0	0	0	0	0	0	0	0	0	0	0	0	0	0	0	0	0	0	0	0	0	0	0	0	0	0	0	0	0	0	0	0	0	0	0	0	0	0	0	0	0	0	0	0	0	0	0	0	0	0
c:Spirotrichea	1623	9126	5803	2680	4733	948	376	476	4626	2354	393	1248	6784	3607	438	8761	4171	2389	1632	1323	1912	2785	3155	12294	1063	1344	828	903	19555	822	573	6970	17387	16415	9438	4165	2458	14620	12299	13764	5854	4854	2169	1570	0	3593	0	7508	5798	6687	10307	6681	3481	6152	5522	6304	3296	7504	5059	5067	2867	3468	9550	8125	13536	9675	5913	12989	6826	3247	5796	9078	3998	8852	8692	6886	3809	3555	2725	5488	9101	8903	6848	7880	6683	6906	6663	6404	4155	10933	7501	9053	3543	1939	8177	5363	6480	10212	8868	7259	7308	6885	7505	6277	1684	1887	3140	5334	2489	4909	10303	1704	2002	3514	9549	5185	8833	9716	4142	14533	2546	4443	2857	11301	10767	2988	1661	4666	1030	4480	1597	3876	1238	7807	3027	2624	2126	6261	3590	12071
Unclassified	83	250	0	0	0	37	0	0	0	0	0	0	178	0	11	0	0	0	0	6	0	0	57	1674	0	0	0	0	640	0	0	75	67	40	180	97	0	172	41	974	504	122	5	9	0	0	0	24	232	240	208	283	55	542	284	634	225	38	59	112	100	78	171	22	17	0	57	250	414	62	106	313	102	127	173	87	17	50	0	5	0	47	25	37	7	71	78	67	22	96	35	335	29	0	157	121	199	185	141	133	38	29	107	82	74	13	79	134	99	0	0	0	27	1379	60	257	253	112	119	855	461	524	3	32	124	100	333	122	0	362	238	70	106	38	140	230	0	0	0	0
