Group.1	X1	X10	X100	X101	X102	X103	X104	X105	X106	X107	X108	X109	X11	X110	X111	X112	X113	X114	X115	X116	X117	X118	X119	X12	X120	X121	X122	X123	X124	X125	X126	X127	X128	X129	X13	X130	X131	X132	X133	X134	X135	X136	X137	X138	X139	X14	X140	X15	X16	X17	X18	X19	X2	X20	X21	X22	X23	X24	X25	X26	X27	X28	X29	X3	X30	X31	X32	X33	X34	X35	X36	X37	X38	X39	X4	X40	X41	X42	X43	X44	X45	X46	X47	X48	X49	X5	X50	X51	X52	X53	X54	X55	X56	X57	X58	X59	X6	X60	X61	X62	X63	X64	X65	X66	X67	X68	X69	X7	X70	X71	X72	X73	X74	X75	X76	X77	X78	X79	X8	X80	X81	X82	X83	X84	X85	X86	X87	X88	X89	X9	X90	X91	X92	X93	X94	X95	X96	X97	X98	X99
g:Alphamonas	0	0	0	0	0	0	0	0	0	0	0	0	0	0	0	0	0	0	0	0	0	0	0	0	0	0	0	0	0	0	0	0	0	0	0	0	0	0	0	0	0	0	0	0	0	5	0	0	3	0	3	0	0	10	27	107	23	0	6	6	0	0	1	0	0	0	0	8	0	19	0	0	17	8	0	0	0	13	17	16	0	0	0	0	0	10	0	0	0	0	0	0	0	0	0	0	0	0	0	0	0	0	0	0	0	0	0	8	0	0	0	0	0	0	0	0	0	0	14	0	0	0	0	0	0	0	0	0	0	0	42	0	53	0	0	0	0	0	0	0
g:Apocyrtolophosis	0	0	0	0	0	0	0	0	0	0	0	0	0	0	0	0	0	0	0	0	0	0	0	0	0	0	0	0	0	0	0	0	0	0	0	0	0	0	0	0	0	0	0	0	0	0	0	0	0	0	0	0	0	0	0	5	0	0	0	0	0	0	0	0	0	0	0	0	0	0	0	0	0	0	0	0	0	0	0	0	0	0	0	0	0	0	0	0	0	0	0	0	0	0	0	0	0	0	0	0	0	0	0	0	0	0	0	0	0	0	0	0	0	0	0	0	0	0	0	0	0	0	0	0	0	0	0	0	0	0	0	0	0	0	0	0	0	0	0	0
g:Askenasia	147	1635	111	0	444	43	229	36	46	59	23	8	807	93	10	0	133	103	343	276	640	760	870	641	1197	2936	1413	1813	8230	215	733	639	423	150	307	138	61	0	177	222	133	169	0	0	0	125	0	263	1103	1030	1113	1355	180	1081	1265	1081	263	3557	2462	930	528	416	550	525	2500	704	336	380	333	382	521	1461	727	481	985	617	409	410	145	347	2793	2158	692	1402	2288	1544	2779	2472	3427	4428	5724	4749	1137	1606	1530	669	765	1220	460	637	148	357	165	170	73	20	31	671	178	0	274	47	535	219	411	439	29	1398	412	703	47	101	72	112	200	212	7	123	2261	422	308	105	115	2166	765	435	136	191	131	1370
g:Aspidisca	0	0	0	0	0	0	0	0	0	0	0	0	0	0	0	0	0	0	0	0	0	0	0	0	0	0	0	0	0	0	0	0	0	0	0	0	0	0	0	0	0	0	0	0	0	0	0	0	0	0	0	0	0	0	0	0	0	0	0	0	0	0	0	0	0	0	0	0	0	0	0	0	0	0	0	0	0	0	0	0	0	0	0	0	0	0	0	0	0	0	0	0	0	0	0	0	0	0	6	0	0	0	0	0	0	0	0	0	37	0	0	0	0	0	0	0	0	0	0	0	0	0	0	0	0	0	0	0	0	0	0	0	0	0	0	0	0	0	0	0
g:Chilodonella	0	0	0	0	0	0	0	0	0	0	0	0	0	0	0	0	0	0	0	0	0	0	0	0	0	0	0	0	0	0	0	0	115	0	0	0	0	0	15	0	0	0	0	0	0	0	0	0	0	0	0	0	0	0	0	0	0	0	0	0	0	0	0	0	0	0	0	0	0	0	0	0	0	0	0	0	0	0	0	0	0	0	0	0	0	0	0	0	0	0	0	0	0	0	0	29	0	0	0	0	0	0	0	0	0	0	0	0	0	0	0	0	0	0	0	0	0	0	0	0	0	0	0	0	0	0	0	0	0	0	0	0	0	0	0	0	0	0	0	0
g:Coleps_1	0	0	0	0	0	0	0	0	0	0	0	0	0	0	0	0	0	0	0	0	0	0	0	0	0	0	0	0	0	0	0	0	0	0	0	0	0	0	0	0	0	0	0	0	0	2	0	0	0	0	7	0	0	0	0	0	0	0	0	11	0	0	28	0	0	4	16	11	27	26	0	0	7	0	0	5	0	0	0	0	0	0	0	0	0	0	0	0	0	0	0	0	0	0	0	0	0	0	0	0	0	7	0	0	3	0	0	0	0	0	0	0	0	0	0	0	0	0	5	0	0	0	0	0	0	0	0	0	0	6	0	0	0	0	0	32	0	0	0	0
g:Conchophthirus	0	0	0	0	0	0	0	0	0	0	0	0	0	0	0	0	0	0	0	0	0	0	0	0	0	0	0	0	0	0	0	0	0	0	0	0	0	0	0	0	0	0	0	0	0	0	0	0	0	0	0	0	0	0	0	0	0	0	0	0	0	0	0	0	0	0	0	0	0	0	0	0	0	0	0	0	10	0	0	0	0	0	0	0	0	0	0	0	0	0	0	0	0	0	0	0	0	0	0	0	0	0	0	0	0	0	0	0	0	0	0	0	0	0	0	0	0	0	0	0	0	0	0	0	0	0	0	0	0	0	0	0	0	0	0	0	0	0	0	0
g:Cyclidium_3	0	11	0	0	0	0	0	0	0	0	0	0	14	0	0	0	0	0	0	0	0	0	0	46	0	0	0	0	0	0	0	0	0	0	21	0	0	0	0	0	0	0	0	0	0	6	0	11	9	36	42	11	0	0	0	0	0	0	0	8	0	0	0	0	3	6	0	0	0	0	0	5	0	0	10	0	0	0	0	0	0	0	0	0	0	0	0	0	0	0	0	0	0	0	0	0	4	0	0	0	0	0	0	0	0	0	0	0	0	0	0	0	0	0	0	0	0	0	0	0	0	0	0	0	0	9	0	0	0	0	0	0	0	0	0	0	0	0	0	0
g:Cyrtolophosis	0	0	0	0	0	0	0	0	0	0	0	0	0	0	0	0	0	0	0	0	0	0	0	0	0	0	0	0	0	0	0	0	0	0	0	0	0	0	0	0	0	0	0	0	0	13	0	0	0	11	0	0	0	0	0	0	0	0	0	0	0	0	0	0	0	0	0	0	0	0	0	0	0	0	0	0	0	0	0	0	0	0	0	0	0	0	0	0	0	0	0	0	0	0	0	0	0	0	0	0	0	0	0	0	0	0	0	0	0	0	0	0	0	0	0	0	0	0	0	0	0	0	0	10	0	0	0	0	0	0	0	0	0	0	0	0	0	0	0	0
g:Hausmanniella	0	0	0	0	0	0	0	0	0	0	0	0	0	0	0	0	0	0	0	0	0	0	0	0	0	0	0	0	0	0	0	0	0	0	0	0	0	0	0	0	0	0	0	0	0	0	0	0	0	0	0	0	0	0	0	0	0	0	0	0	0	0	0	0	0	0	0	0	0	0	0	0	0	0	0	0	0	0	0	0	0	0	0	0	0	0	0	0	0	0	0	0	0	0	0	0	0	0	0	0	0	0	0	0	0	0	0	0	0	0	0	0	0	144	0	0	0	0	0	0	0	0	0	0	0	0	0	0	0	0	0	0	0	0	0	0	0	0	0	0
g:Hemiholosticha	0	0	0	0	0	0	0	0	0	0	0	0	0	0	0	0	0	0	0	0	0	0	0	0	0	0	0	0	0	0	0	0	0	0	0	0	0	0	0	0	0	0	0	0	0	0	0	0	0	0	0	0	0	0	0	0	0	0	0	0	0	0	52	0	0	0	74	0	0	0	0	0	0	0	0	0	0	0	0	0	0	0	0	0	0	0	0	0	0	0	0	0	0	0	0	0	0	0	0	0	0	0	0	0	0	0	0	0	0	0	0	0	0	0	0	0	0	0	0	0	0	0	0	0	0	0	0	0	0	0	0	0	0	0	0	0	0	0	0	0
g:Histiobalantium	0	32	0	0	0	0	0	0	0	0	0	0	17	0	0	0	0	0	0	0	0	0	0	37	0	0	0	0	0	0	0	0	0	0	0	0	0	0	0	0	0	0	0	0	0	0	0	2	3	0	7	8	0	9	0	4	0	0	0	0	0	0	0	0	0	0	0	0	0	0	0	0	0	0	0	0	0	0	0	0	0	0	0	0	0	0	0	0	0	0	0	0	0	0	0	0	0	0	0	0	0	0	0	0	0	0	0	0	2	43	0	0	0	0	0	0	0	38	0	6	11	0	0	6	0	0	0	0	0	0	0	0	0	0	0	0	0	0	0	0
g:Holosticha	0	0	0	0	0	0	0	0	0	0	0	0	0	0	0	0	0	0	0	0	0	0	0	0	0	0	0	0	0	0	0	0	0	0	0	29	0	0	0	0	0	0	0	0	0	0	0	0	0	0	0	0	0	0	0	0	13	0	0	0	0	0	0	0	0	0	0	0	0	0	0	0	0	0	0	9	0	0	0	0	0	0	0	0	0	0	0	0	0	32	5	0	0	4	0	0	0	0	0	0	0	0	0	0	0	0	0	0	0	0	0	0	0	0	0	0	0	0	0	0	0	0	0	0	0	0	0	0	0	5	0	59	0	0	0	0	0	0	0	0
g:Kalometopia	0	0	0	0	0	0	0	0	0	0	0	0	0	0	0	0	0	0	0	0	0	0	0	0	0	0	0	0	0	0	0	0	0	0	0	0	0	0	0	0	0	0	0	0	0	0	0	0	0	0	0	0	0	0	0	0	0	0	0	0	0	0	0	0	0	0	0	0	0	0	0	0	0	0	0	0	0	0	0	0	0	0	0	0	0	0	0	0	0	0	0	0	0	0	0	0	0	0	0	0	0	0	0	0	0	0	0	0	23	0	0	0	0	0	0	0	0	0	0	0	0	0	0	0	0	0	0	0	0	0	0	0	0	0	0	0	0	0	0	0
g:Kolkwitziella	0	0	0	0	0	0	0	0	0	0	0	0	0	0	0	0	0	0	0	0	0	0	0	0	0	0	0	0	0	0	0	0	0	0	0	0	0	0	0	0	0	0	0	0	0	0	0	0	2	0	0	0	0	0	0	0	0	0	0	0	0	0	0	0	0	0	2	0	0	0	0	0	0	0	0	0	0	0	0	0	0	0	0	0	0	0	0	0	0	0	0	0	0	0	0	0	0	0	0	0	0	0	0	0	0	0	0	0	0	0	0	0	0	0	0	0	0	0	0	0	0	0	0	0	0	0	0	0	0	0	0	0	0	0	0	0	0	0	0	0
g:Linostomella	0	0	0	0	0	0	0	0	0	0	0	0	0	0	0	0	0	0	0	0	0	0	0	0	0	0	0	0	0	0	0	0	0	0	0	0	0	0	0	0	0	0	0	0	0	0	0	0	0	0	0	0	0	0	0	0	5	0	0	0	8	0	16	0	15	0	31	37	34	6	0	0	0	0	0	0	0	0	0	0	0	0	0	0	0	0	0	0	0	0	0	0	0	0	0	0	0	0	0	0	0	0	0	0	0	0	0	0	0	0	0	0	0	0	0	0	0	0	0	0	0	0	0	0	0	0	0	0	0	0	0	0	0	0	0	0	0	0	0	0
g:Monocystis	0	0	0	0	0	0	0	0	0	0	0	0	0	0	0	0	0	0	0	0	0	0	0	0	0	0	0	0	0	0	0	0	0	0	0	0	0	0	0	0	0	0	0	0	0	0	0	0	0	0	0	0	0	0	0	0	0	0	0	2	0	0	0	0	5	0	2	0	0	0	0	0	0	0	0	0	0	0	0	0	0	0	0	0	0	0	0	0	0	0	0	0	0	0	0	0	0	0	0	0	0	0	0	0	0	0	0	0	0	0	0	0	0	0	0	0	0	0	0	0	0	0	0	0	0	0	0	0	0	0	0	0	0	0	0	0	0	0	0	0
g:Myxophyllum	0	0	0	0	0	0	0	0	0	0	0	0	0	0	0	0	0	0	0	0	0	0	0	0	0	0	0	0	0	0	0	0	0	0	0	0	0	0	0	0	0	0	0	0	0	0	0	0	0	14	0	0	0	0	0	0	0	0	0	0	0	0	4	0	0	0	0	0	0	0	0	0	0	0	0	0	0	0	0	0	0	0	0	0	0	0	0	0	0	0	0	0	0	0	0	0	0	0	0	0	0	0	0	0	0	0	0	0	0	0	0	0	0	0	0	0	0	0	0	0	0	0	0	0	0	3	0	0	0	0	0	0	0	0	0	0	0	0	0	0
g:Obertrumia	0	0	0	0	0	0	0	0	0	0	0	0	0	0	0	0	0	0	0	0	0	0	0	0	0	0	0	0	0	0	0	0	0	0	0	0	0	0	0	0	0	0	0	0	0	0	0	0	0	0	0	0	0	0	0	0	0	0	79	0	0	68	185	0	0	0	0	0	0	0	0	0	0	0	0	0	0	0	0	0	0	0	0	0	0	0	0	0	0	0	0	0	0	0	0	0	0	0	0	0	0	0	0	0	0	0	0	0	0	0	0	0	0	0	0	0	0	0	0	0	0	0	0	0	0	0	0	0	0	0	0	0	0	0	0	0	0	0	0	0
g:Oxytricha	0	19	0	22	0	0	36	0	0	202	0	59	0	148	0	0	0	0	0	0	0	0	11	0	0	0	0	0	0	93	127	205	0	0	0	137	0	0	0	15	0	0	0	0	0	0	0	0	0	0	42	0	0	0	0	14	15	5	0	0	0	22	0	0	0	0	0	19	24	0	56	87	166	106	0	159	67	27	26	25	0	0	0	0	33	0	0	19	0	0	29	26	128	45	74	0	0	19	55	90	0	11	9	0	0	0	0	0	0	0	0	0	0	0	44	0	0	68	0	0	0	0	0	0	0	0	0	0	0	0	0	0	0	0	0	0	0	0	101	0
g:Phascolodon	0	0	0	0	0	0	0	0	0	0	0	0	0	0	0	0	0	0	0	0	0	0	0	0	0	0	0	0	0	0	0	0	0	0	0	0	0	0	0	56	444	243	0	107	0	442	0	169	0	57	0	0	0	0	0	0	0	14	0	0	0	0	0	0	0	193	0	0	0	0	0	0	0	0	0	0	0	0	22	0	0	0	0	0	0	0	0	0	0	0	0	0	0	0	0	45	0	0	0	0	8	0	30	266	136	96	197	0	0	0	0	0	0	0	0	0	0	0	0	0	0	0	270	157	0	88	0	0	0	6	0	0	0	0	0	0	0	0	0	0
g:Prorocentrum	0	0	0	0	0	0	52	0	0	0	0	0	0	0	0	0	0	0	0	0	0	0	0	0	0	0	0	0	0	0	0	0	0	0	0	0	0	0	0	0	0	0	0	0	0	0	0	0	0	0	0	0	0	0	0	0	0	0	0	0	0	0	0	0	0	0	0	0	0	0	0	0	0	0	0	0	0	0	0	0	0	0	0	0	0	0	0	0	0	0	0	0	0	0	0	0	0	0	0	0	0	0	0	0	0	0	0	0	0	0	0	0	0	0	0	0	0	0	0	0	0	0	0	0	0	0	0	0	0	0	0	0	0	0	16	0	0	0	0	0
g:Pseudochilodonopsis	0	0	0	0	0	0	0	0	0	0	0	0	0	0	0	0	0	0	0	0	0	0	0	0	0	0	0	0	0	0	0	0	0	0	0	0	0	0	0	0	0	0	0	0	0	0	0	0	0	0	0	0	0	0	0	0	0	0	0	0	0	0	0	0	0	0	0	0	0	0	0	0	0	0	0	0	0	0	0	0	0	0	0	0	0	0	0	0	0	0	0	0	0	0	0	0	0	0	0	0	0	0	0	0	0	0	0	0	0	0	0	27	0	0	0	0	0	0	0	0	0	0	0	0	0	0	0	0	0	0	0	0	0	0	0	0	0	0	0	0
g:Pseudocyrtolophosis	0	0	0	0	0	0	0	0	0	0	0	0	0	0	0	0	0	0	0	0	0	0	0	0	0	0	0	0	0	0	0	0	0	0	0	0	0	0	0	0	0	0	0	0	0	0	0	0	0	0	0	0	0	0	0	0	3	0	0	0	0	0	0	0	0	0	0	0	0	0	0	0	0	0	0	0	0	0	0	0	0	0	0	0	0	0	0	0	0	0	0	0	0	0	0	0	0	0	0	0	0	0	0	0	0	0	0	0	0	0	0	0	0	0	0	0	0	0	0	0	0	0	0	0	0	0	0	0	0	0	0	0	0	0	0	0	0	0	0	0
g:Pseudouroleptus	0	0	0	0	0	0	0	0	0	0	0	0	0	0	0	0	0	0	0	0	0	0	0	0	0	0	0	0	0	0	0	0	0	0	0	0	0	0	0	0	0	0	0	0	0	0	0	0	0	0	0	0	0	0	0	0	0	0	0	4	1	19	2	0	0	10	0	0	4	0	0	0	0	0	0	0	0	0	0	0	0	0	0	0	0	0	0	0	0	0	0	0	0	0	0	0	0	0	0	0	0	0	0	0	0	0	0	0	0	0	0	0	0	0	0	0	0	0	0	0	0	0	0	0	0	18	0	0	0	0	0	0	0	0	0	0	0	0	0	0
g:Rimostrombidium	220	737	1470	1469	3049	332	188	343	2805	1154	284	166	1050	1502	114	2476	1745	362	525	169	765	225	259	1305	164	0	132	256	7283	182	56	4546	8742	9244	1073	2002	1294	9212	5710	8448	2462	285	75	0	0	737	0	3893	619	957	1795	1138	186	394	561	473	632	1548	691	766	195	433	3463	1365	1878	1392	2698	8003	3317	1064	4226	5279	1528	4046	1025	1543	1405	951	816	1484	1860	974	1029	1493	965	1598	1304	968	119	1892	1091	3145	700	129	3566	2896	1848	6678	5771	1629	3289	2364	2487	948	213	161	83	1216	59	742	3226	146	1084	798	3550	638	2246	876	535	3518	342	977	904	4974	882	374	122	844	0	1246	212	388	302	1601	299	303	311	925	816	2113
g:Stentor	0	0	0	0	0	0	0	0	0	0	0	0	0	0	0	0	0	0	0	0	0	0	0	0	0	0	0	0	0	0	0	0	0	0	0	0	0	0	0	25	0	0	19	0	0	0	0	0	0	0	0	0	0	11	0	0	0	13	0	0	0	0	0	0	0	0	0	0	0	0	0	0	0	0	0	0	0	0	0	0	0	0	0	0	0	0	0	0	0	0	0	0	0	0	0	0	0	0	0	0	0	0	25	10	0	14	13	0	0	22	0	0	0	0	0	0	0	0	0	0	0	0	0	0	0	0	0	0	22	0	0	0	0	0	0	0	0	0	0	0
g:Stylonychia	0	0	0	0	0	0	0	0	0	0	0	0	0	0	0	0	0	0	0	0	0	0	0	0	0	0	0	0	0	0	0	0	0	0	0	0	0	0	0	0	0	0	0	0	0	0	0	0	0	0	0	0	36	0	0	0	0	0	0	0	0	0	0	0	0	0	0	0	0	0	0	0	0	0	0	0	0	0	0	0	0	0	0	0	0	0	0	0	0	0	0	0	0	0	0	0	0	0	0	0	0	0	0	0	0	0	0	0	0	0	0	0	0	0	0	0	9	0	0	0	0	0	0	0	0	0	0	0	0	0	0	0	0	0	0	0	0	0	0	0
g:Tintinnidium	0	0	0	95	0	56	0	0	0	0	0	0	0	0	0	0	0	0	0	0	0	0	0	0	0	0	0	0	0	0	0	0	0	0	0	0	0	0	0	0	0	0	0	0	0	0	0	0	0	0	0	0	0	0	0	0	0	0	0	2	0	0	258	0	25	0	57	114	75	0	0	0	0	0	0	0	0	0	0	0	0	0	0	0	0	0	0	0	0	0	0	0	0	0	0	0	0	0	0	0	0	0	0	0	0	0	0	0	0	0	0	0	0	0	0	0	0	0	0	0	0	0	0	0	0	0	0	0	0	0	0	0	0	0	18	0	0	0	0	67
g:Tintinnopsis_03	21	13	0	14	0	0	0	0	0	0	0	0	33	0	0	0	0	0	0	0	0	0	0	107	0	0	0	0	0	0	0	0	0	0	100	0	0	0	0	15	0	0	0	0	0	0	0	22	17	10	125	32	41	0	0	0	0	0	0	10	0	0	209	77	0	0	90	13	12	0	0	0	0	0	35	0	0	0	0	0	0	0	0	0	0	0	0	0	0	0	0	0	0	0	0	0	32	0	0	0	5	0	4	0	0	0	0	18	57	34	69	0	0	0	0	0	0	58	0	14	0	101	8	0	0	15	142	103	0	34	0	0	0	0	0	0	0	0	0	0
g:Trithigmostoma	0	0	0	0	0	0	0	0	0	0	0	0	0	0	0	0	0	0	0	0	0	0	0	0	0	0	0	0	0	0	0	0	0	0	0	0	0	0	0	15	0	0	0	0	0	0	0	0	0	0	0	0	0	0	0	0	0	0	0	0	0	0	0	0	0	0	0	0	0	0	0	0	0	0	0	0	0	0	0	0	0	0	0	0	0	0	0	0	15	0	0	0	0	0	0	0	0	0	0	0	0	16	0	0	0	0	0	0	0	0	0	0	0	10	0	0	42	0	0	0	0	0	0	0	0	0	0	0	0	0	0	0	0	0	0	0	0	0	0	0
g:Uroleptus	0	37	0	0	0	0	0	0	0	0	0	0	0	0	0	0	0	0	0	0	0	0	0	0	0	0	0	0	0	0	0	0	0	0	0	0	0	0	0	0	0	0	0	0	0	11	0	102	0	179	0	0	0	0	0	0	0	0	0	0	0	0	0	0	0	0	0	0	0	0	0	0	0	0	0	0	0	0	0	0	0	0	0	0	0	0	0	0	0	0	0	0	0	0	0	0	0	0	0	0	0	0	0	0	0	0	0	0	0	0	0	0	0	0	0	0	0	0	0	0	0	0	22	274	0	64	0	0	0	0	0	0	0	0	0	0	0	0	0	0
g:Urotricha	40	37	0	0	56	0	12	0	0	19	0	0	24	0	0	0	0	0	0	0	0	0	0	3	0	0	0	0	0	106	0	52	121	0	2	0	0	0	0	0	0	12	0	0	0	45	0	19	17	41	45	54	245	41	44	54	20	50	20	93	42	38	72	60	0	6	75	57	63	10	55	186	54	39	59	0	13	26	0	12	0	15	31	0	0	0	24	23	0	10	8	18	51	16	81	38	31	15	43	26	0	0	0	4	0	5	0	57	46	0	64	0	0	0	0	21	6	0	38	0	0	0	14	16	0	13	0	0	0	0	32	61	0	0	0	0	27	0	0	0
g:Vorticella	0	13	0	0	0	11	0	0	337	0	0	0	0	312	10	298	344	0	0	0	114	0	0	8	0	0	0	34	217	0	116	146	82	0	0	133	112	102	107	302	0	0	40	0	0	42	0	18	0	0	0	0	4	0	0	0	0	0	0	0	0	0	0	4	11	5	0	0	0	0	0	63	0	30	15	0	0	31	0	0	0	15	0	0	0	0	0	0	0	21	33	0	0	44	10	24	16	0	50	0	40	17	29	13	9	0	0	0	0	0	0	0	0	0	0	0	0	0	0	0	0	0	37	0	0	0	0	55	0	0	23	0	0	0	24	18	0	0	0	0
Unclassified	1847	10406	8610	8151	6847	8179	26935	14729	23885	18687	20298	21880	6507	41163	15800	23190	5944	3552	1238	1227	1745	2853	3257	15139	1973	2707	4454	2081	14028	13413	24030	25484	26072	16428	10111	12279	6791	8264	10218	11588	7654	5681	6347	3687	0	3899	0	4462	8704	7869	9902	7584	3964	7621	6848	9481	3960	6861	5000	8635	6585	10674	13404	7218	12705	8783	5559	8115	8672	5629	4621	8247	5872	8114	8511	7986	3898	4286	2335	4231	7631	8172	6002	6529	5848	6566	5942	5759	4172	10079	6611	6506	3634	3632	5330	3263	6436	4143	4976	7239	4661	5311	6255	6653	2805	2757	3834	5097	3389	14465	18736	7772	9553	9340	8716	10630	12988	10957	4167	12796	11681	17909	2630	16471	22783	3188	7333	25577	12925	4201	6448	7972	3948	9716	7726	10298	7851	15247	17238	10178
