Group.1	X1	X10	X100	X101	X102	X103	X104	X105	X106	X107	X108	X109	X11	X110	X111	X112	X113	X114	X115	X116	X117	X118	X119	X12	X120	X121	X122	X123	X124	X125	X126	X127	X128	X129	X13	X130	X131	X132	X133	X134	X135	X136	X137	X138	X139	X14	X140	X15	X16	X17	X18	X19	X2	X20	X21	X22	X23	X24	X25	X26	X27	X28	X29	X3	X30	X31	X32	X33	X34	X35	X36	X37	X38	X39	X4	X40	X41	X42	X43	X44	X45	X46	X47	X48	X49	X5	X50	X51	X52	X53	X54	X55	X56	X57	X58	X59	X6	X60	X61	X62	X63	X64	X65	X66	X67	X68	X69	X7	X70	X71	X72	X73	X74	X75	X76	X77	X78	X79	X8	X80	X81	X82	X83	X84	X85	X86	X87	X88	X89	X9	X90	X91	X92	X93	X94	X95	X96	X97	X98	X99
o:Apostomatia	0	0	0	0	0	0	0	0	0	0	0	0	0	0	0	0	0	0	0	0	0	0	0	0	0	0	0	0	0	0	0	0	0	0	0	0	0	0	0	0	0	0	0	0	0	0	0	0	0	0	0	0	0	0	0	0	0	0	0	0	0	0	0	0	0	0	7	0	0	0	0	0	0	0	0	0	0	0	0	0	0	0	0	0	0	0	0	0	0	0	0	0	0	0	0	0	0	0	0	0	0	0	0	0	0	0	0	0	0	0	0	0	0	0	0	0	0	0	0	0	0	0	0	0	0	0	0	0	0	0	0	0	0	0	0	0	0	0	0	0
o:Choreotrichida	504	3217	3673	1873	3365	550	275	429	4094	1597	327	845	2807	2941	180	5984	3389	1616	1119	862	1443	616	668	2713	168	135	334	706	11658	310	295	5119	9894	10892	1480	2034	1332	10930	8347	9445	3225	650	509	255	0	2691	0	5801	1975	3929	5747	2712	813	2080	1855	3156	1710	3527	3019	2721	1656	1957	5046	3014	10592	6430	3629	10155	5308	1659	5081	7306	2144	6676	3044	4595	2738	2110	2067	4710	8016	7700	3921	4231	2748	3171	3231	3590	1888	5989	6531	6542	2581	1169	6649	3407	3209	8042	6418	2564	3747	3218	2920	1436	437	269	297	2297	435	1133	5801	312	1485	1240	4770	811	2604	3211	911	5462	610	1145	2108	8316	4066	1558	369	1133	0	1936	433	2200	498	2326	736	795	475	2280	1113	8464
o:Choreotrichida-Tintinnina	695	3242	228	206	0	56	65	47	73	38	18	0	2671	0	0	263	0	0	0	36	33	567	189	8030	524	240	0	80	571	50	113	368	757	421	6375	143	144	904	1491	1381	1495	4005	1041	1002	0	736	0	1209	2014	1240	3015	2702	1889	1699	2240	1925	938	2062	899	1205	817	691	2904	3970	2260	2122	1308	1227	522	934	460	1183	963	1403	3099	1070	580	741	372	180	306	831	2621	3367	2412	3356	1826	2558	2088	4325	850	1604	538	688	1164	1616	2511	1707	1840	4117	3307	3457	4425	4702	1151	1491	2405	2405	1428	650	701	90	105	996	225	299	228	4293	2073	666	731	292	613	1603	307	883	537	492	0	1339	0	425	65	0	170	71	0	121	225	2666
o:Colpodellida	20	66	0	355	515	25	72	78	679	69	19	0	58	386	28	0	0	0	0	0	165	70	0	79	1010	484	0	0	0	207	116	0	0	532	86	968	1101	1118	1118	3555	850	551	974	291	0	28	0	10	62	0	81	77	201	62	152	789	233	53	97	163	47	77	184	42	55	21	265	580	525	115	274	377	192	173	45	250	145	192	103	51	24	16	13	5	13	10	24	21	60	53	11	0	40	58	14	43	117	73	144	699	204	557	640	432	673	376	278	49	96	0	0	434	208	51	0	0	0	119	33	0	48	336	8	0	36	23	0	7	0	60	42	0	66	15	0	0	0	0	88	13
o:Cyrtophoria_4	0	0	0	0	0	0	0	0	0	0	0	0	0	0	0	0	0	0	0	0	0	0	0	0	0	0	45	48	0	0	0	0	115	0	0	0	31	70	56	143	444	243	0	107	0	442	0	169	0	57	4	0	0	0	0	0	0	14	0	0	0	0	0	0	0	193	0	0	0	0	0	0	0	0	0	0	0	0	22	8	13	0	0	0	0	0	0	0	15	153	22	11	6	0	0	74	9	0	0	0	8	26	30	266	136	96	197	10	0	0	0	27	0	10	0	0	42	0	0	0	0	0	270	175	0	88	0	0	0	6	0	0	0	0	0	0	0	0	0	0
o:Cyrtophoria_7	0	0	0	0	0	0	0	0	0	0	0	0	0	0	0	0	0	0	0	0	0	0	0	0	0	0	0	0	0	0	0	0	0	0	3	0	0	0	0	0	0	0	0	0	0	0	0	0	0	0	0	0	0	0	5	64	36	11	0	4	0	5	0	0	0	0	0	17	0	3	38	0	0	0	0	0	8	0	0	0	0	0	0	0	0	0	0	0	4	0	0	0	11	49	0	0	0	0	0	0	0	0	0	2	0	0	0	0	0	0	0	0	0	0	0	0	0	0	0	0	0	0	0	0	0	0	0	0	0	0	0	0	0	0	0	0	0	0	0	0
o:Cyrtophoria_8	0	0	0	0	0	0	0	0	0	0	0	0	0	0	0	0	0	0	0	0	0	0	0	0	0	0	0	0	0	0	0	0	0	0	0	0	0	0	0	0	0	0	0	0	0	0	0	0	0	0	0	0	0	0	0	0	0	0	0	0	0	0	0	0	0	0	0	3	0	0	0	0	0	0	0	0	0	0	0	0	0	0	0	0	0	0	0	0	0	0	10	0	0	0	0	0	0	0	0	0	0	0	0	0	0	0	0	0	0	0	0	0	0	0	0	0	0	0	0	0	0	0	0	0	0	0	0	0	0	0	0	0	0	0	0	0	0	0	0	0
o:Euplotia	0	0	0	0	0	0	0	0	0	0	0	0	0	0	0	0	0	0	0	0	0	0	0	0	0	0	0	0	0	0	0	0	0	0	0	0	0	0	0	0	0	0	0	0	0	0	0	0	0	0	0	0	0	0	0	0	0	0	0	0	0	0	0	0	0	0	0	0	0	0	0	0	0	0	0	0	0	0	0	0	0	0	0	0	0	0	0	24	0	0	0	0	0	0	0	0	0	0	6	0	0	0	0	0	0	0	0	0	37	0	0	0	0	0	0	0	0	0	0	0	0	0	0	0	0	0	0	0	0	0	0	0	0	0	0	0	0	0	0	0
o:Haptoria_4	0	0	0	0	0	0	0	0	0	0	0	0	0	0	0	0	0	0	0	0	0	0	0	0	0	0	0	0	0	0	0	0	0	0	0	0	0	0	0	0	0	0	0	0	0	0	0	0	0	0	0	0	0	0	0	0	0	0	0	0	0	0	0	0	0	0	0	0	0	0	0	0	0	0	0	0	0	0	0	0	0	0	0	0	0	0	0	0	0	0	0	0	0	0	0	0	0	0	0	0	0	0	0	0	0	0	0	0	0	0	3	0	0	0	0	0	0	0	0	0	0	0	0	0	0	0	0	0	0	0	0	0	0	0	0	0	0	0	0	0
o:Hymenostomatia	0	0	0	0	0	0	0	0	0	0	0	0	0	0	0	0	0	0	0	0	0	0	0	0	0	0	0	0	0	0	0	0	0	0	0	0	0	0	0	0	0	0	0	0	0	0	0	0	0	0	0	0	0	0	0	4	0	0	0	0	0	0	0	24	0	0	0	0	0	0	0	0	0	0	0	0	0	0	0	0	0	0	0	0	0	0	0	0	0	0	0	0	0	0	0	0	18	0	0	0	0	0	0	0	0	0	0	0	0	0	0	0	0	0	0	0	0	0	0	0	0	10	0	0	0	0	0	0	0	0	0	0	0	0	0	0	0	0	0	0
o:Hypotrichia	37	2071	196	95	305	154	36	0	150	539	13	59	726	263	16	445	0	0	0	0	0	0	11	920	0	0	0	0	0	93	127	382	460	0	527	166	6	69	124	15	0	7	0	0	0	126	0	399	557	1014	865	503	65	1455	645	726	354	77	178	301	107	355	472	9	61	427	467	686	434	259	106	240	771	559	58	737	314	382	257	194	23	22	8	0	33	40	23	19	0	122	34	26	128	49	182	80	227	45	55	132	30	45	9	9	4	42	7	142	47	0	0	0	83	73	268	18	376	1733	65	2405	475	227	100	907	2013	309	193	283	274	115	154	266	114	56	7	165	79	1169	200	36
o:Neogregarinorida	0	0	0	0	0	0	0	0	0	0	0	0	0	0	0	0	0	0	0	0	0	0	0	0	0	0	0	0	0	0	0	0	0	0	0	0	0	0	0	0	0	0	0	0	0	0	0	0	0	0	0	0	0	0	0	0	0	0	0	2	0	0	0	0	5	0	2	0	0	0	0	0	0	0	0	0	0	0	0	0	0	0	0	0	0	0	0	0	0	0	0	0	0	0	0	0	0	0	0	0	0	0	0	0	0	0	0	0	0	0	0	0	0	0	0	0	0	0	0	0	0	0	0	0	0	0	0	0	0	0	0	0	0	0	0	0	0	0	0	0
o:OLIGO4	18	115	0	0	0	0	61	0	0	0	0	0	88	0	0	0	0	0	0	0	0	0	0	148	0	0	0	0	0	0	0	193	0	0	124	0	0	0	0	0	0	0	0	0	0	59	0	56	27	29	18	17	7	9	28	31	59	11	7	6	0	7	0	0	0	0	0	0	18	40	113	61	58	48	0	22	27	37	19	0	0	0	0	0	0	5	0	0	0	5	0	0	33	111	71	34	13	11	17	25	3	0	0	7	0	0	0	0	64	0	0	0	0	14	0	0	0	108	14	27	141	36	41	0	0	12	0	0	0	28	0	0	11	12	0	0	0	0	0	0
o:Oligotrichida	313	440	1251	477	917	188	0	0	78	180	35	344	580	403	236	2069	779	773	513	425	436	1602	2287	624	371	969	494	117	7326	369	38	1101	6272	5102	1053	1822	943	2717	2327	2923	292	46	532	0	0	40	0	99	1252	504	677	764	575	918	782	497	294	1838	963	840	287	428	990	604	427	299	459	819	517	23	0	34	120	214	1920	484	177	322	29	404	752	304	298	282	1490	101	1583	213	179	497	86	881	296	33	178	260	442	418	549	446	224	161	151	62	18	45	30	448	492	3126	3379	1265	134	815	4249	4057	5625	305	1049	5991	726	2779	33	475	4381	238	562	2758	756	1090	1010	985	561	5425	2114	1593	1572	2648	1948	690
o:Peniculia	0	320	99	33	162	72	76	0	0	0	0	0	34	0	0	0	0	0	0	0	0	0	0	0	0	0	0	0	0	0	0	0	0	0	0	0	0	66	0	33	82	194	73	0	0	5	0	94	1716	211	259	107	0	92	314	0	165	307	80	2993	3119	6273	3819	0	165	121	563	442	2365	336	0	0	0	0	0	0	0	0	0	0	0	0	0	0	0	5	0	0	0	0	0	0	0	0	0	44	113	0	0	61	46	30	70	381	145	420	85	122	0	0	0	0	0	32	31	119	0	141	61	0	0	18	9	8	337	91	68	0	0	32	0	0	40	59	8	243	291	2428	441	21
o:Peridiniales	0	0	0	0	0	0	23	0	0	0	0	0	0	0	0	0	0	0	0	0	0	0	0	0	0	0	0	0	0	0	0	0	0	0	0	23	0	0	0	0	0	0	0	0	0	0	0	0	2	0	0	0	18	0	23	17	0	0	0	0	0	0	19	0	0	0	2	6	0	7	0	0	0	0	0	0	0	0	0	0	0	0	0	0	0	0	0	0	0	0	0	0	0	0	0	18	0	12	9	20	0	0	5	0	0	0	0	0	0	0	0	0	0	3	0	0	0	0	7	0	0	0	0	0	0	0	0	0	0	0	0	0	0	0	0	0	0	0	0	0
o:Peritrichia_2	0	22	0	0	0	11	0	28	337	0	0	0	81	312	17	298	344	0	0	0	114	0	0	297	0	0	0	34	331	0	116	146	82	0	86	266	190	102	114	310	0	34	68	0	0	205	0	72	94	29	137	6	4	167	4	0	4	0	0	49	0	18	152	4	11	26	138	81	60	17	0	63	2	30	65	29	0	74	22	0	8	15	0	0	4	6	0	0	0	37	33	0	4	47	15	118	83	14	54	14	43	17	32	47	9	23	33	23	36	52	0	0	0	12	19	0	22	72	13	2	52	45	213	4	67	51	0	55	1855	44	23	0	13	0	24	18	48	0	0	12
o:Prorocentrales	0	0	0	0	0	0	52	0	0	0	0	0	0	0	0	0	0	0	0	0	0	0	0	0	0	0	0	0	0	0	0	0	0	0	0	0	0	0	0	0	0	0	0	0	0	0	0	0	0	0	0	0	0	0	0	0	0	0	0	0	0	0	0	0	0	0	0	0	0	0	0	0	0	0	0	0	0	0	0	0	0	0	0	0	0	0	0	0	0	0	0	0	0	0	0	0	0	0	0	0	0	0	0	0	0	0	0	0	0	0	0	0	0	0	0	0	0	0	0	0	0	0	0	0	0	0	0	0	0	0	0	0	0	0	16	0	0	0	0	0
o:Prorodontida	40	37	0	0	56	0	12	0	0	19	0	0	24	0	0	0	0	0	0	0	0	0	0	3	0	0	0	0	0	106	0	52	121	0	2	0	0	0	0	0	0	12	0	0	0	45	0	19	22	45	45	54	245	41	44	55	20	50	20	93	42	38	72	60	0	6	75	57	63	10	55	186	54	39	59	0	13	26	0	12	0	15	31	0	0	0	24	23	0	10	8	18	51	16	81	38	31	15	43	26	0	0	0	4	0	5	0	57	46	0	64	0	0	0	0	21	6	0	38	0	0	0	14	16	0	13	0	0	0	0	32	61	0	0	0	0	27	0	0	0
o:Rhynchostomatia	0	0	0	0	0	0	0	0	0	0	0	0	0	0	0	0	0	0	0	0	0	0	0	0	0	0	0	0	0	0	0	0	0	0	0	0	0	0	0	0	0	0	0	0	0	0	0	0	0	0	0	0	0	6	7	5	0	2	0	2	0	0	10	0	0	0	12	0	5	0	0	0	0	0	0	0	0	0	0	0	0	0	0	0	0	0	0	3	0	0	0	0	0	0	0	0	0	0	0	0	0	0	0	0	0	0	0	0	0	0	0	0	0	0	0	0	0	0	0	0	0	0	0	0	0	0	0	0	0	0	0	0	0	0	0	0	0	0	0	0
o:Scuticociliatia_1	0	0	0	0	0	0	0	0	0	0	0	0	0	0	0	0	0	0	0	0	0	0	0	0	0	0	59	0	168	47	0	119	80	0	0	29	42	0	0	0	0	0	0	0	0	0	0	0	0	14	0	11	15	0	8	23	11	0	0	0	0	0	4	14	0	0	0	16	0	5	35	10	6	12	12	13	6	13	12	25	6	0	10	0	7	14	0	9	10	18	12	8	45	27	24	12	0	10	0	7	0	0	0	0	0	0	0	0	0	0	51	0	0	37	0	0	0	0	0	50	0	0	0	14	0	3	0	0	0	7	0	0	0	0	0	0	0	0	0	0
o:Scuticociliatia_2	0	43	0	0	0	0	0	0	0	0	0	0	35	0	0	0	0	0	0	0	0	0	0	94	0	0	0	0	0	0	0	0	0	0	21	0	0	0	0	0	0	0	0	0	0	6	0	13	12	36	49	19	0	15	0	4	0	0	0	8	0	0	0	0	3	6	0	0	0	0	0	5	0	0	10	0	0	0	0	0	0	0	0	0	0	0	0	0	0	0	0	0	0	0	0	0	4	0	0	0	0	0	0	0	0	0	0	0	2	43	0	0	0	0	0	0	0	38	0	6	11	0	0	6	0	9	0	0	0	0	0	0	0	0	0	0	0	0	0	0
o:Suctoria	0	0	0	0	0	0	0	0	0	0	0	0	0	0	0	0	0	0	0	0	0	0	0	0	0	0	0	0	0	0	0	0	0	0	0	0	0	0	0	0	0	0	0	0	0	0	0	0	7	0	11	0	0	0	0	0	0	0	0	4	3	13	18	3	0	0	0	0	0	0	0	0	0	0	0	0	0	0	0	0	0	0	0	0	0	0	0	0	0	0	0	0	0	0	0	0	0	0	0	0	0	0	0	0	0	0	0	0	0	0	0	0	0	0	0	0	0	0	0	0	0	0	0	0	0	24	0	0	0	3	0	0	0	0	0	0	0	0	0	0
o:Suessiales	0	0	0	0	57	0	0	0	0	0	0	0	0	0	0	0	0	0	0	0	0	0	0	0	0	0	0	0	0	0	0	0	0	0	0	0	0	0	0	9	0	0	0	0	0	0	0	0	0	0	0	0	0	0	0	15	0	0	0	0	0	0	0	0	0	0	0	9	6	0	0	0	0	0	0	0	0	0	0	0	0	0	0	0	0	0	0	0	0	0	0	0	0	0	0	0	0	0	0	0	0	0	0	0	0	0	0	0	0	0	0	0	0	0	0	0	0	0	0	0	0	0	0	0	0	0	0	0	0	0	0	0	0	0	0	0	0	0	0	0
o:Synhymenia	0	0	0	0	0	0	0	0	0	0	0	0	0	0	0	0	0	0	0	0	0	0	0	0	0	0	0	0	0	0	0	0	0	0	0	0	0	0	0	0	0	0	0	0	0	0	0	0	0	0	0	0	0	0	0	0	0	0	0	0	0	0	0	0	0	0	0	0	0	0	0	0	0	0	0	0	0	0	0	0	0	0	0	0	0	0	0	0	0	0	5	0	0	0	0	0	0	0	0	0	0	0	0	0	0	0	0	0	0	0	0	0	0	0	0	0	0	0	0	0	0	0	0	0	0	0	0	0	0	0	0	0	0	0	0	0	0	0	0	0
Unclassified	648	3367	4744	6712	5019	7565	26780	14526	21662	17679	20193	20865	1348	38913	15457	16905	3654	1628	474	349	1073	983	1242	4378	1261	3815	5067	3199	9704	12827	24257	23592	17774	8875	1857	9267	4469	1602	2650	2872	4305	648	3284	2139	0	944	0	1020	2737	3096	2173	3210	824	2623	2638	3908	1110	4096	2995	2076	1281	1808	4554	1505	3563	1452	2013	2659	2738	3728	3317	5863	4061	3670	2328	3119	1794	1847	458	531	3136	2431	852	1539	2427	3010	3338	2781	3489	5253	5899	5354	1917	3229	2213	1220	2355	1728	2226	1510	539	572	722	716	666	286	826	1514	1108	10302	12370	5864	9157	7228	3159	6403	6417	3375	907	2428	9287	14200	548	10496	12658	682	5875	21974	12323	1260	5371	4648	3050	5590	5773	8201	5833	7717	14271	1826
